IC4263;202.138710;46.926639;2800.445511;2958.919962;
IC4278;202.614330;47.246583;3774.608932;2272.826412;
M101;210.802080;54.348917;3359.848826;2200.517949;Pinwheel galaxy
NGC5169;202.041915;46.671806;2113.442659;3014.137634;
NGC5173;202.105950;46.591786;1927.067084;2864.525705;
NGC5194;202.468545;47.195697;3597.187114;2503.949508;Whirlpool galaxy
NGC5195;202.497165;47.266717;3789.163087;2487.031433;
NGC5198;202.547160;46.670694;2270.192207;2120.340261;
NGC5229;203.512035;47.914722;5787.333467;1039.854912;
NGC3556;167.879130;55.674000;5600.261198;4298.579988;
NGC3587;168.699090;55.018944;4133.855601;2793.713354;Owl nebula
NGC3594;169.058670;55.704056;5992.815642;2603.953413;
NGC5422;210.175080;55.164389;1403.684789;926.009367;
NGC5447;210.617085;54.275944;3594.111750;1952.857902;
NGC5449;210.615420;54.330278;3454.192281;1927.457097;
NGC5450;210.622455;54.271389;3604.554405;1962.875628;
NGC5451;210.653340;54.362500;3361.649049;1970.941151;
NGC5453;210.735870;54.307583;3483.046683;2118.485267;
NGC5455;210.753750;54.241500;3649.220795;2173.592901;
NGC5457;210.802080;54.348917;3359.848826;2200.517949;
NGC5461;210.920790;54.316889;3412.737265;2392.956743;
NGC5462;210.971085;54.365417;3274.794271;2447.588781;
NGC5471;211.120830;54.396778;3155.765369;2658.885486;
NGC5473;211.180590;54.892417;1861.998515;2529.557453;
NGC5474;211.256670;53.662444;5014.565628;3189.460249;
NGC5477;211.387500;54.460556;2922.312397;3030.556339;
NGC5484;211.700685;55.029858;1372.806351;3237.216485;
NGC5485;211.797420;55.001528;1420.101508;3393.194214;
NGC5486;211.853910;55.102778;1144.241437;3429.386668;
PGC2285555;200.908333;46.692778;1830.365935;5030.907602
PGC2273470;201.037083;45.982778;32.105139;4505.213758
PGC2297345;201.073333;47.391944;3684.201667;5032.054731
PGC2297200;201.073750;47.384167;3664.223641;5028.058918
PGC2283670;201.075000;46.583333;1595.319776;4689.457451
PGC3096255;201.118333;47.527222;4046.521075;5010.356964
PGC2295814;201.146667;47.298889;3464.711197;4864.467773
PGC2289953;201.165000;46.954722;2580.886998;4686.749449
PGC2300737;201.200417;47.582778;4213.458699;4890.726244
PGC2277963;201.200833;46.249444;769.253931;4324.331953
PGC2277777;201.205417;46.238611;742.610410;4311.544959
PGC2276973;201.218750;46.192500;627.394641;4268.125678
PGC2290815;201.224167;47.008333;2736.496385;4605.205539
PGC2275680;201.231250;46.117222;436.580225;4213.750770
PGC2288684;201.257083;46.878333;2410.290244;4491.837101
PGC2282810;201.270833;46.531944;1519.628221;4319.803613
PGC2276207;201.282917;46.147778;530.809860;4134.282197
PGC2279042;201.305417;46.314444;968.015034;4165.317834
PGC2300923;201.322500;47.593333;4275.802545;4682.543436
PGC2297090;201.327083;47.377778;3720.479429;4582.217025
PGC2790853;201.332917;48.040278;5433.084590;4855.975916
PGC2277374;201.390000;46.215000;736.290095;3971.621488
PGC2288312;201.419583;46.857222;2403.438489;4195.883401
PGC46981;201.439583;46.161667;613.378763;3859.974975
PGC2306293;201.482500;47.888056;5083.142076;4531.709663
PGC2314530;201.533750;48.300556;6163.024600;4622.555943
PGC2790854;201.558333;46.159444;643.396510;3646.660919
PGC2295834;201.560833;47.300278;3588.867782;4139.761653
PGC2281644;201.592500;46.463056;1437.478346;3718.329163
PGC2298575;201.595417;47.458333;4007.011935;4148.341543
PGC2288242;201.600833;46.852778;2445.841313;3874.003468
PGC2279089;201.629167;46.317222;1072.141713;3589.205271
PGC3096259;201.657500;47.545556;4250.477072;4078.333538
PGC3096260;201.659167;47.557778;4282.510023;4080.800502
PGC2294311;201.671667;47.212222;3394.575326;3907.069727
PGC2276380;201.681667;46.158056;677.283320;3425.563554
PGC2298213;201.702500;47.440278;3992.206285;3953.550435
PGC2297924;201.714167;47.424444;3954.834369;3926.205932
PGC3096261;201.765000;46.362500;1230.349675;3367.179840
PGC2315068;201.768333;48.326667;6298.871943;4231.361848
PGC2290293;201.829167;46.976944;2835.039474;3526.372695
PGC2290581;201.833333;46.994167;2880.727229;3526.705572
PGC2289559;201.837083;46.930833;2718.507603;3491.910706
PGC83995;201.886250;47.651111;4591.118375;3727.169503
PGC2282749;201.893333;46.528611;1698.257722;3213.005527
PGC2301870;201.900000;47.647500;4585.945146;3701.665534
PGC2303148;201.919167;47.719444;4777.268149;3700.593279
PGC3096262;201.927083;46.327778;1190.660703;3063.095030
PGC2790855;201.947083;46.967500;2846.648242;3314.645160
PGC2294604;201.951250;47.228611;3521.235248;3424.548436
PGC2297248;201.956250;47.386667;3930.322656;3486.783982
PGC2272168;202.023333;45.901944;122.294314;2699.430464
PGC47231;202.042083;46.671944;2113.851836;3013.902425
PGC2310700;202.048750;48.111389;5827.107629;3653.067571
PGC2289565;202.082500;46.931667;2795.965995;3060.148627
PGC47257;202.105000;46.591667;1926.462902;2866.154365
PGC3096263;202.122083;46.371389;1363.918838;2735.734680
PGC91291;202.129167;47.714167;4827.424586;3333.935196
PGC47270;202.138333;46.927222;2801.831702;2959.848448
PGC2297311;202.140000;47.390278;3995.883208;3167.703670
PGC47274;202.140000;46.500000;1701.099667;2762.423878
PGC2286797;202.150417;46.767778;2394.615742;2865.941083
PGC47295;202.207083;46.262222;1109.275013;2534.619334
PGC2294282;202.216250;47.210278;3555.576112;2952.273114
PGC2274979;202.297083;46.078333;663.885669;2289.578937
PGC47323;202.313333;46.502500;1762.213341;2456.091710
PGC2319320;202.338750;48.519722;6967.983079;3342.624634
PGC2320967;202.339583;48.589722;7148.680857;3373.545883
PGC2281785;202.347083;46.471111;1692.057717;2381.732826
PGC2275488;202.395000;46.106111;766.860110;2127.448626
PGC3087449;202.428333;47.884722;5359.334916;2894.543252
PGC47404;202.467917;47.194444;3593.762114;2504.465378
PGC2315981;202.469167;48.370833;6624.415571;3050.630391
PGC2271002;202.470417;45.824167;64.677579;1861.268767
PGC47413;202.496667;47.267778;3791.737070;2488.397656
PGC47441;202.547500;46.671111;2271.375731;2119.934973
PGC2309482;202.585000;48.048056;5829.073649;2700.720846
PGC2294907;202.614583;47.246944;3775.620513;2272.553841
PGC2278401;202.625833;46.275556;1278.068914;1795.102442
PGC2278118;202.634167;46.259722;1240.009396;1772.803962
PGC2277435;202.640000;46.218889;1136.755622;1743.152860
PGC2303602;202.650833;47.744167;5067.341595;2443.926970
PGC2300341;202.687500;47.558889;4602.019341;2292.761054
PGC3096266;202.704583;46.415278;1663.532499;1721.180749
PGC2292105;202.733750;47.085556;3398.463270;1987.684043
PGC2305258;202.843750;47.834722;5362.060223;2153.354006
PGC2302712;202.873750;47.695278;5012.865932;2034.675097
PGC2287260;202.883333;46.795278;2700.153264;1586.314726
PGC47559;202.906667;46.150833;1049.430071;1235.506605
PGC2287732;202.939167;46.821667;2786.417935;1500.675893
PGC2306178;202.978750;47.882778;5529.275048;1943.394258
PGC2299047;203.036667;47.485000;4524.859099;1650.625892
PGC2271019;203.063750;45.824722;262.849843;797.063446
PGC2290538;203.079583;46.991944;3270.851465;1336.307038
PGC2293576;203.086667;47.172222;3736.849842;1411.574224
PGC2285407;203.087917;46.684444;2482.742044;1172.091103
PGC2291430;203.091667;47.045278;3412.024983;1341.061675
PGC2272306;203.112500;45.909722;498.078986;751.107682
PGC2287543;203.113333;46.810833;2816.282405;1188.841709
PGC91294;203.115833;45.818611;264.773183;700.710264
PGC2275228;203.129167;46.091667;971.821986;810.074827
PGC2292718;203.175833;47.121944;3637.145877;1231.092977
PGC2273085;203.227500;45.958333;662.235594;569.182361
PGC2301491;203.259167;47.627222;4963.965850;1333.965400
PGC47718;203.310000;45.838056;381.121811;362.277303
PGC2276566;203.342500;46.168889;1243.023047;467.848259
PGC2275974;203.362917;46.133889;1160.033028;414.148985
PGC2301670;203.389583;47.636111;5030.277951;1112.445562
PGC2299614;203.417917;47.516944;4733.516113;1004.107323
PGC2302775;203.442500;47.698889;5209.351230;1052.083342
PGC2285048;203.444583;46.665000;2553.201734;533.345595
PGC2269607;203.451250;45.731389;155.632934;56.070527
PGC2283100;203.498333;46.549444;2274.667816;380.769323
PGC47788;203.512500;47.913889;5785.348771;1038.637081
PGC2297415;203.521250;47.395833;4457.192536;764.126398
PGC2273200;203.539167;45.965278;787.501791;15.651605
PGC2282638;203.554167;46.521389;2221.806504;268.021342
PGC2303083;203.581250;47.715833;5299.649482;820.661755
PGC2303283;203.623750;47.726944;5342.598922;752.806915
PGC3096267;203.625417;47.550278;4889.352104;660.846564
PGC2279104;203.637083;46.318333;1728.846119;18.961592
PGC2292593;203.671667;47.114722;3786.466652;360.390270
PGC2310476;203.702500;48.100556;6329.029734;806.096670
PGC2301872;203.739167;47.647500;5177.899555;513.041332
PGC3096272;203.822917;47.617222;5128.920207;352.692072
PGC2294884;203.877500;47.245278;4192.931359;67.593932
PGC2308010;203.912917;47.975000;6078.484720;380.738279
PGC2296637;203.931250;47.349444;4479.039945;27.491590
PGC2297850;203.942500;47.419722;4663.345472;44.094786
PGC2298090;203.942917;47.433333;4698.426528;50.376443
PGC2298454;203.967500;47.451944;4754.763447;17.284325
PGC2298462;203.971667;47.452500;4757.642747;10.338656
PGC2314443;204.063750;48.296944;6956.994045;288.571089
PGC2312093;204.188333;48.181944;6705.157027;15.738574
PGC33583;166.617500;54.271667;1673.625063;5564.183400
PGC2484769;166.785833;54.925833;3402.597938;5579.803231
PGC2472523;166.803333;54.535000;2397.931081;5392.615197
PGC33676;166.854583;54.524167;2382.293150;5311.369505
PGC2456551;166.865833;53.987778;1000.472567;5071.973006
PGC2452381;166.872083;53.843056;628.378307;5002.398315
PGC2502231;166.942500;55.442222;4772.406561;5563.111241
PGC2492115;166.967083;55.146944;4016.387374;5403.537777
PGC213787;166.980000;53.814167;580.463843;4825.953910
PGC2498969;167.010833;55.350556;4552.162354;5424.577787
PGC33726;167.011250;53.616389;77.739241;4695.197691
PGC2517636;167.067500;55.878611;5927.964643;5564.450409
PGC2519697;167.068750;55.936389;6077.327609;5587.045879
PGC33736;167.073750;53.824167;629.641573;4687.357535
PGC2501220;167.080000;55.414722;4734.259431;5350.249812
PGC2815947;167.080833;55.705278;5483.962183;5471.867590
PGC2445811;167.083333;53.607778;73.609514;4581.220072
PGC2473251;167.086667;54.559722;2530.524359;4978.860585
PGC2507700;167.125417;55.595000;5210.159761;5360.261590
PGC2531124;167.189583;56.264444;6952.280903;5552.499174
PGC2509749;167.198750;55.654167;5380.387107;5278.662574
PGC2478713;167.206667;54.737500;3018.589856;4875.379669
PGC2506574;167.257083;55.563889;5161.705303;5155.040957
PGC2462471;167.289167;54.193889;1637.486368;4518.576511
PGC33805;167.311250;55.436389;4846.193061;5021.082561
PGC2518668;167.351667;55.906944;6069.150040;5165.611286
PGC2467455;167.387500;54.365278;2104.213996;4444.668670
PGC2452507;167.417500;53.846667;774.936149;4173.896696
PGC2538680;167.482500;56.498056;7624.835190;5235.311051
PGC2491147;167.549583;55.117500;4083.567209;4532.301718
PGC2542964;167.560833;56.633889;7993.993337;5183.732626
PGC2492355;167.567083;55.153611;4181.006317;4522.429932
PGC2462316;167.594167;54.188056;1700.437007;4056.120881
PGC2509962;167.599583;55.660000;5493.699054;4698.340693
PGC2470917;167.605000;54.480556;2456.807601;4169.103316
PGC2461788;167.607083;54.169444;1655.832927;4028.420693
PGC33914;167.626250;55.169722;4237.452105;4442.478632
PGC2470157;167.642083;54.455278;2401.248813;4102.398129
PGC2505260;167.650833;55.526389;5162.343377;4564.577258
PGC2462452;167.655417;54.193333;1729.934237;3966.143007
PGC2506141;167.662500;55.551667;5230.385284;4558.796079
PGC2492506;167.666250;55.158056;4217.547050;4378.452135
PGC2532518;167.671250;56.306944;7178.284965;4881.830219
PGC2493916;167.709583;55.198889;4333.731278;4332.900555
PGC2493781;167.740000;55.195278;4332.189478;4286.583087
PGC2492212;167.756250;55.149722;4219.040196;4242.309397
PGC2496392;167.775833;55.272778;4540.900835;4268.663484
PGC2541869;167.780417;56.599722;7959.619897;4857.226240
PGC2507972;167.800000;55.603056;5397.466052;4381.586666
PGC2496605;167.802500;55.279167;4564.173481;4232.421308
PGC2491013;167.820417;55.113611;4142.543396;4131.655450
PGC2479663;167.835000;54.767500;3255.277483;3954.262585
PGC2507703;167.858750;55.595000;5391.680705;4292.503132
PGC213794;167.862917;56.506111;7738.914229;4697.962795
PGC2459292;167.865417;54.083611;1502.538719;3600.204756
PGC2480670;167.874167;54.798333;3344.855400;3910.032736
PGC34030;167.875833;55.673333;5597.704066;4303.064139
PGC2496290;167.897917;55.269444;4563.682185;4088.114098
PGC34029;167.898750;56.526667;7800.802169;4656.358337
PGC139538;167.902500;53.582222;221.289715;3316.990768
PGC2815950;167.902917;54.988889;3842.841472;3953.693540
PGC2471965;167.903333;54.517222;2628.883199;3739.406347
PGC213793;167.907500;56.516389;7776.516916;4639.271408
PGC2445730;167.911667;53.604444;280.994549;3313.059862
PGC2490901;167.930000;55.110000;4161.604251;3968.682817
PGC34045;167.931250;53.988611;1275.481050;3457.648665
PGC2443726;167.941250;53.533611;106.560875;3235.662666
PGC2489976;167.951667;55.083056;4097.896767;3924.533163
PGC2503722;167.966667;55.483611;5132.660390;4084.827256
PGC2543767;167.967500;56.660556;8162.845086;4619.744260
PGC2513272;167.972500;55.754444;5831.220432;4199.710938
PGC2815951;167.981250;54.267500;2006.751126;3509.151647
PGC2518865;167.985833;55.913056;6242.888190;4252.747394
PGC2528159;168.033750;56.176944;6934.379197;4304.482512
PGC2526448;168.051667;56.127222;6810.969357;4256.012982
PGC2500674;168.070417;55.400556;4945.864498;3895.415575
PGC2541321;168.071667;56.582222;7987.341772;4436.373795
PGC2501579;168.076250;55.423889;5007.420711;3897.612470
PGC2471269;168.090000;54.493333;2616.944637;3449.596951
PGC34081;168.091250;54.027222;1417.913386;3233.319918
PGC2471597;168.110833;54.505000;2652.536454;3423.843110
PGC2462185;168.112500;54.184167;1827.515281;3273.526797
PGC139543;168.117500;53.524722;131.728697;2961.946591
PGC2484482;168.122500;54.916667;3714.689975;3596.226686
PGC2448587;168.127917;53.707500;605.054828;3030.371414
PGC2504689;168.135833;55.509722;5243.809938;3850.243968
PGC2526403;168.139583;56.125833;6829.951574;4129.289869
PGC2471865;168.149167;54.513889;2685.684642;3370.695296
PGC2470300;168.181250;54.459722;2554.980244;3297.696876
PGC2500995;168.187500;55.409167;4998.707275;3728.383639
PGC2544485;168.196250;56.685278;8284.284940;4307.643863
PGC2478521;168.200000;54.731667;3259.500412;3395.829796
PGC2487391;168.210417;55.005000;3965.274978;3507.268921
PGC34117;168.214167;56.245000;7155.815356;4077.716590
PGC2452027;168.223333;53.830556;947.877078;2942.294891
PGC2503997;168.230417;55.491111;5220.777175;3703.831070
PGC34128;168.235833;55.683056;5715.873564;3785.245484
PGC2503564;168.245000;55.479167;5193.906014;3677.022797
PGC2479134;168.251667;54.750556;3321.959380;3327.908753
PGC2521154;168.253333;55.977778;6478.518231;3897.202511
PGC2496000;168.260417;55.260278;4635.082263;3552.521342
PGC2458569;168.265000;54.060000;1549.567577;2986.074522
PGC2481299;168.269167;54.817222;3498.105881;3333.034862
PGC34136;168.274167;55.808333;6048.143736;3788.137529
PGC2537078;168.285417;56.448056;7696.670872;4070.775278
PGC2445118;168.292917;53.582500;328.885174;2720.690411
PGC2467871;168.299583;54.378333;2377.738164;3082.748393
PGC34144;168.305417;55.555833;5407.038133;3624.847854
PGC2477242;168.319167;54.691389;3188.045287;3200.032871
PGC34163;168.330833;56.478056;7785.604194;4020.286726
PGC2506900;168.339583;55.572778;5459.665253;3583.110068
PGC2478573;168.346250;54.733056;3302.516941;3179.342295
PGC34170;168.357500;53.595000;379.036209;2627.962678
PGC2475026;168.364583;54.620278;3017.552671;3099.126645
PGC2482169;168.370000;54.843611;3593.182980;3196.068970
PGC34177;168.376667;55.403611;5034.611771;3449.629100
PGC2460205;168.386250;54.115278;1725.097366;2829.114121
PGC2460194;168.391250;54.115278;1726.479171;2821.579578
PGC34197;168.410000;55.410833;5062.099782;3404.383977
PGC2507057;168.418333;55.576944;5491.341301;3470.622691
PGC2522727;168.427500;56.021389;6636.394470;3667.240259
PGC2446875;168.431667;53.646944;533.401139;2539.337961
PGC2512111;168.444167;55.721389;5869.550866;3501.399618
PGC2489233;168.457917;55.060556;4174.675676;3168.647817
PGC2503455;168.467083;55.475556;5243.782765;3351.755769
PGC2497738;168.472917;55.313056;4827.697018;3266.240586
PGC2477924;168.474167;54.712778;3285.270744;2979.887105
PGC2535244;168.505417;56.391389;7608.291751;3731.183461
PGC2467989;168.515000;54.382778;2448.391943;2762.347331
PGC2447205;168.525833;53.658333;589.190392;2401.273077
PGC34213;168.526250;55.710833;5864.373479;3377.559381
PGC2476549;168.538750;54.670556;3194.518018;2863.900689
PGC2535770;168.539583;56.406944;7657.293284;3689.988090
PGC34221;168.552083;54.066667;1646.270522;2556.085436
PGC2510016;168.560417;55.661389;5746.491561;3304.501677
PGC2467894;168.561667;54.379167;2452.072051;2690.788088
PGC2442966;168.565000;53.505833;208.180065;2268.781333
PGC2479466;168.580417;54.761111;3438.699891;2845.268124
PGC2541486;168.625833;56.587500;8144.285662;3653.990600
PGC2474551;168.642083;54.604722;3053.997359;2678.766640
PGC2512441;168.643333;55.731111;5948.035631;3217.819547
PGC2534373;168.649167;56.363611;7574.952080;3513.343487
PGC2447554;168.650417;53.670000;654.527418;2217.152895
PGC2502249;168.651250;55.442778;5209.422698;3067.812805
PGC2479429;168.651667;54.760000;3455.564670;2739.122279
PGC2471016;168.654583;54.484167;2747.771283;2602.223316
PGC2490640;168.667083;55.102500;4339.642374;2881.040846
PGC2459912;168.668750;54.105833;1779.737720;2399.023769
PGC2519146;168.674583;55.921111;6444.649693;3264.091470
PGC2467802;168.693750;54.376667;2482.584822;2491.951999
PGC2490291;168.694583;55.092778;4322.254169;2835.943337
PGC2496406;168.698333;55.273333;4787.054240;2917.500001
PGC34268;168.701667;56.578333;8140.833355;3542.263253
PGC2515655;168.702500;55.826389;6208.848670;3178.207442
PGC2454148;168.709167;53.902778;1269.465290;2240.124449
PGC2454084;168.719167;53.900556;1266.603176;2223.916565
PGC2468109;168.728333;54.386667;2518.003628;2445.048520
PGC2476173;168.735000;54.658611;3218.363013;2566.591818
PGC2465346;168.736250;54.294444;2283.350272;2388.602371
PGC2470809;168.737083;54.477222;2753.063928;2475.763650
PGC2471204;168.742083;54.491389;2790.856905;2475.157425
PGC34279;168.743333;54.961111;3997.592888;2700.586301
PGC2531102;168.747083;56.263611;7344.190238;3325.575056
PGC2470166;168.749167;54.455556;2700.815311;2447.243375
PGC2470970;168.762917;54.482778;2774.605719;2439.908354
PGC2509963;168.777083;55.660000;5801.786181;2989.879428
PGC2512840;168.781250;55.742500;6014.812966;3023.883574
PGC2494570;168.782500;55.217500;4666.892739;2767.270039
PGC34293;168.785417;53.665000;680.350819;2009.260352
PGC2536712;168.797083;56.435833;7800.148714;3337.970435
PGC2470355;168.800000;54.461667;2730.855399;2374.325934
PGC2502776;168.802083;55.456944;5287.188884;2854.965194
PGC2447588;168.805417;53.671111;701.814402;1981.796379
PGC34304;168.832500;54.387222;2548.891032;2289.550945
PGC2542492;168.836667;56.620000;8283.997629;3371.570150
PGC2470212;168.836667;54.457222;2729.823545;2317.436058
PGC2510186;168.839583;55.666389;5835.354086;2902.462751
PGC34316;168.840417;55.973333;6623.828234;3050.901796
PGC2483306;168.843333;54.879444;3815.823663;2513.347409
PGC2471919;168.845000;54.515556;2881.971388;2333.444467
PGC2481387;168.845833;54.820556;3665.326979;2480.938136
PGC2536930;168.846667;56.443333;7832.779154;3271.224747
PGC34321;168.846667;53.688611;758.681371;1927.574172
PGC2466861;168.847083;54.345000;2444.614369;2247.153320
PGC34311;168.848750;54.443889;2699.014565;2292.897331
PGC2448298;168.853333;53.697500;783.443090;1921.775242
PGC2482280;168.853333;54.846667;3734.476236;2482.584501
PGC2467471;168.854583;54.365833;2500.244531;2246.095834
PGC2460940;168.860833;54.140000;1922.113906;2126.477441
PGC2467703;168.867500;54.373611;2523.892522;2230.574256
PGC34322;168.871250;55.455833;5303.467251;2753.726440
PGC2449326;168.871250;53.734444;883.525043;1912.594762
PGC2467603;168.873333;54.370278;2516.995192;2220.221489
PGC2443270;168.880833;53.517222;328.299865;1791.769668
PGC2470305;168.887500;54.460000;2751.395464;2242.928336
PGC2473285;168.894583;54.560833;3012.288136;2281.712950
PGC2474232;168.899167;54.593611;3097.740112;2290.939451
PGC2457523;168.900833;54.023056;1633.289030;2009.037732
PGC2446962;168.902083;53.649444;674.132288;1824.114325
PGC2541454;168.903333;56.586667;8216.309972;3261.033637
PGC2465636;168.904583;54.305000;2358.310839;2141.508349
PGC2522644;168.913333;56.019167;6761.485681;2968.611120
PGC2446140;168.915417;53.618889;599.525114;1788.834763
PGC2452732;168.918750;53.854444;1205.471390;1899.313106
PGC2466964;168.923333;54.348611;2475.642220;2134.817514
PGC2448045;168.924583;53.688333;780.556533;1808.957809
PGC34337;168.926667;55.923056;6518.366126;2902.313966
PGC2472125;168.930833;54.522222;2923.480115;2208.806442
PGC2493264;168.931250;55.180278;4612.799535;2531.149132
PGC2450687;168.932500;53.782778;1025.410961;1843.299775
PGC2468094;168.953333;54.386111;2580.501315;2108.370068
PGC2447268;168.959583;53.660556;719.408556;1742.075281
PGC34343;168.974167;53.752500;959.774885;1765.182476
PGC2474364;168.982500;54.598056;3132.879940;2169.201076
PGC2443655;168.987500;53.531389;395.845285;1635.908134
PGC2514850;168.988750;55.802222;6225.307907;2753.452765
PGC2477655;169.003333;54.704722;3412.596748;2190.860632
PGC34352;169.010833;53.823611;1153.053542;1744.652650
PGC34356;169.015000;55.675556;5907.478034;2653.022693
PGC2497480;169.023750;55.305833;4961.048857;2457.641885
PGC2470100;169.023750;54.453611;2773.970106;2036.487891
PGC2479154;169.034167;54.751111;3540.450455;2168.084979
PGC2455209;169.035000;53.939444;1457.475862;1765.350165
PGC2503967;169.035417;55.490000;5436.960289;2531.693799
PGC2460310;169.046667;54.119167;1922.201465;1836.716290
PGC2470649;169.050833;54.471667;2828.101222;2005.023759
PGC2471968;169.051250;54.517222;2945.129925;2026.962604
PGC2470476;169.051250;54.466111;2813.963931;2001.651172
PGC2480115;169.053750;54.781389;3623.744654;2154.079203
PGC2480239;169.055000;54.785000;3633.368431;2154.018145
PGC34374;169.057917;55.704167;5992.889094;2605.097493
PGC2442689;169.086667;53.495833;333.732113;1466.937845
PGC2444282;169.087083;53.554167;483.630663;1495.283803
PGC2448704;169.087083;53.711667;887.985994;1573.528225
PGC2474240;169.093333;54.593611;3153.264194;2002.229739
PGC2486236;169.094583;54.971111;4122.221495;2187.906921
PGC2440125;169.096250;53.403611;99.766954;1406.451766
PGC2474770;169.098750;54.612222;3202.578387;2003.426573
PGC2477757;169.101667;54.707778;3448.596880;2046.589010
PGC2476505;169.103750;54.669167;3350.127668;2024.306317
PGC2467583;169.108333;54.369167;2581.684051;1868.311072
PGC2466799;169.111250;54.342778;2514.815846;1850.824320
PGC2470533;169.121250;54.467500;2837.740703;1897.955686
PGC2475529;169.129167;54.636944;3274.776730;1970.547804
PGC2466117;169.129167;54.321111;2464.423362;1813.235061
PGC2501985;169.134167;55.435278;5324.366824;2360.879786
PGC2509562;169.152083;55.648611;5876.762439;2441.240284
PGC2497493;169.167917;55.306389;5003.284749;2247.382210
PGC2479341;169.173333;54.757222;3596.086518;1965.073393
PGC2506059;169.179583;55.549444;5630.116529;2351.856050
PGC2452958;169.182917;53.861667;1301.216840;1503.018425
PGC34403;169.184583;54.702500;3458.960601;1921.055328
PGC2465102;169.191250;54.285556;2391.293454;1702.549593
PGC34418;169.194583;54.751111;3586.547468;1930.561548
PGC2480863;169.194583;54.804167;3722.640887;1957.113314
PGC2475697;169.197500;54.642778;3309.501759;1872.015857
PGC2472807;169.199167;54.545000;3059.167566;1820.590587
PGC2516745;169.199167;55.854722;6418.822967;2476.286468
PGC2468853;169.202083;54.411667;2717.982447;1749.482379
PGC2486887;169.206250;54.990278;4203.384582;2033.083787
PGC34410;169.208750;54.728333;3532.218875;1898.179252
PGC2485269;169.225000;54.940556;4081.250950;1980.554777
PGC2475504;169.231250;54.636111;3302.197650;1818.577144
PGC2465427;169.233750;54.296944;2432.948350;1644.628260
PGC2510654;169.235833;55.679722;5980.243694;2335.638620
PGC2471303;169.240833;54.494722;2942.334855;1733.349897
PGC2471751;169.261250;54.510278;2988.194598;1710.761932
PGC2473085;169.266250;54.554167;3102.219655;1725.398335
PGC34444;169.267083;54.920833;4042.826034;1908.635686
PGC2504850;169.270000;55.514167;5565.323147;2202.914891
PGC2483762;169.270833;54.893889;3974.811354;1889.549226
PGC34447;169.277083;54.916667;4035.035591;1891.799776
PGC34448;169.277083;54.923333;4052.132197;1895.156261
PGC2492708;169.279583;55.164167;4670.465731;2012.746913
PGC2472680;169.280000;54.540278;3070.616032;1697.953805
PGC2488942;169.281250;55.051667;4382.444033;1953.647677
PGC34452;169.284583;54.917222;4038.633085;1881.025169
PGC34453;169.287500;54.919722;4045.889419;1877.985967
PGC2451087;169.297083;53.797222;1169.711825;1297.797100
PGC2482570;169.316667;54.855000;3888.389768;1802.322105
PGC2483895;169.319167;54.898333;4000.232532;1820.516152
PGC2481311;169.341667;54.817500;3799.516791;1746.452815
PGC2447816;169.349583;53.680000;884.677281;1158.907249
PGC2474117;169.352917;54.589167;3217.345799;1614.234557
PGC2453055;169.370000;53.865000;1365.340176;1221.712109
PGC34475;169.380833;53.521667;487.880898;1031.069752
PGC2506135;169.382083;55.551667;5693.575725;2059.216235
PGC2515514;169.382500;55.821944;6386.709856;2195.753172
PGC2515816;169.383750;55.830556;6409.147516;2198.322805
PGC2444994;169.407500;53.578056;640.585963;1019.090451
PGC2465438;169.412083;54.297778;2487.688381;1378.174425
PGC2450195;169.424167;53.765278;1125.822299;1089.039932
PGC34505;169.431250;53.793333;1199.905644;1092.595033
PGC2471799;169.436250;54.511944;3043.919534;1451.110038
PGC2482379;169.444167;54.849444;3911.410203;1611.326691
PGC2472419;169.455000;54.531389;3099.314886;1433.125055
PGC2483751;169.455833;54.893333;4027.334891;1616.494757
PGC2503869;169.463333;55.487778;5553.221656;1908.793236
PGC34515;169.471250;54.646667;3399.616277;1467.819627
PGC2439149;169.476667;53.370556;129.287625;807.721009
PGC2467019;169.486667;54.350833;2645.890159;1293.723693
PGC34523;169.502917;53.441111;318.266998;803.698642
PGC2506142;169.510417;55.551667;5730.623746;1873.136611
PGC2447908;169.531667;53.683333;948.185806;884.089360
PGC2511533;169.532083;55.705833;6132.035308;1920.796896
PGC34528;169.535833;54.840833;3916.347385;1471.649033
PGC2473689;169.540000;54.574444;3234.903781;1328.806373
PGC2462962;169.542083;54.211389;2305.039107;1139.369411
PGC2462798;169.544583;54.205833;2291.550274;1132.770298
PGC2445350;169.545833;53.590833;715.313314;815.070503
PGC2462539;169.550417;54.196667;2269.807694;1119.318287
PGC2441024;169.557500;53.436111;322.117969;717.773441
PGC2507240;169.559167;55.582222;5823.092437;1818.169030
PGC2473300;169.563333;54.561389;3208.397390;1287.436018
PGC34553;169.571250;53.750000;1131.142851;858.299357
PGC2461383;169.572083;54.155000;2169.534124;1065.400949
PGC2503672;169.582917;55.482222;5573.754412;1732.297044
PGC34559;169.586667;53.752500;1142.243213;836.222099
PGC2478891;169.596667;54.742778;3683.126632;1331.365463
PGC2523221;169.600000;56.034722;6994.597531;1992.256449
PGC2457464;169.602083;54.020833;1834.730789;951.213069
PGC2440852;169.608333;53.428889;319.186476;636.420226
PGC2470472;169.610417;54.465556;2976.905008;1168.056169
PGC2457412;169.610833;54.019167;1833.110247;937.180023
PGC2520251;169.612083;55.952778;6788.074609;1932.681685
PGC2509113;169.615833;55.636111;5977.688021;1763.903268
PGC2478545;169.623333;54.732222;3664.026104;1286.476611
PGC2458336;169.630833;54.051944;1923.176879;924.002920
PGC34576;169.634167;53.814444;1315.502417;796.257117
PGC2460161;169.636667;54.114167;2084.398583;947.384959
PGC2457700;169.645000;54.029167;1869.104252;890.913773
PGC2444429;169.661250;53.559167;669.453199;623.085573
PGC34597;169.666250;55.178056;4818.951621;1453.824565
PGC2453394;169.669583;53.875833;1483.645663;774.480249
PGC2506457;169.676667;55.560833;5802.613613;1636.925164
PGC34596;169.677083;54.955278;4251.481933;1322.545253
PGC2521754;169.685417;55.994167;6915.394479;1848.952317
PGC2497507;169.692917;55.306667;5156.296801;1481.533061
PGC2448530;169.696667;53.705556;1055.553006;645.177023
PGC2499900;169.701667;55.378056;5341.749594;1505.831420
PGC2454645;169.708750;53.919722;1608.082983;738.119654
PGC2504737;169.733333;55.510833;5691.203610;1528.824159
PGC2505443;169.745833;55.531944;5748.965160;1521.687985
PGC2469743;169.762917;54.441111;2960.273996;928.258754
PGC2470239;169.764583;54.457778;3003.467403;934.466531
PGC2517375;169.769167;55.871667;6625.999897;1665.066476
PGC2496881;169.774167;55.288333;5133.432079;1353.519500
PGC2443836;169.784583;53.537778;652.722559;424.198327
PGC2524318;169.785000;56.066667;7130.147142;1744.153730
PGC2449988;169.785833;53.758889;1219.674609;537.813211
PGC2452245;169.787917;53.837778;1422.433200;575.874244
PGC2507060;169.797500;55.577222;5880.195478;1470.464219
PGC2441811;169.801250;53.464167;469.262306;360.319035
PGC2469390;169.804167;54.430000;2944.347114;861.011957
PGC2448057;169.831250;53.688611;1053.673508;432.206794
PGC2452940;169.838333;53.861389;1498.477808;512.053154
PGC2476124;169.849583;54.656944;3539.297860;912.394389
PGC2514392;169.850833;55.788056;6435.889994;1503.863204
PGC2447899;169.854167;53.682778;1045.843036;394.385507
PGC2495963;169.857917;55.259167;5083.738255;1216.090756
PGC2467604;169.860417;54.370278;2808.567778;745.871498
PGC2445195;169.862500;53.585556;799.366185;330.677264
PGC2445898;169.863750;53.610833;864.514739;342.055745
PGC2438827;169.864167;53.359444;220.545490;209.344002
PGC2487788;169.868333;55.016944;4466.702227;1073.684832
PGC2467050;169.874167;54.352222;2766.542917;715.873984
PGC2446358;169.876250;53.626667;908.970220;331.386650
PGC34650;169.878750;54.460833;3046.045019;766.121472
PGC2494983;169.880833;55.228889;5013.087718;1166.739570
PGC2489556;169.881250;55.070556;4607.850350;1082.904572
PGC2448179;169.882083;53.693611;1082.274958;357.737270
PGC3087085;169.884583;54.201944;2384.934605;621.305569
PGC165574;169.891667;53.588611;816.289974;287.940315
PGC2452170;169.895833;53.835278;1449.409401;411.464640
PGC2489248;169.896250;55.061111;4588.193215;1055.946838
PGC2443618;169.898750;53.529722;667.643971;246.159493
PGC2474113;169.898750;54.588889;3380.014976;803.755108
PGC2478593;169.903333;54.733611;3751.919766;873.147862
PGC2531540;169.905833;56.276389;7702.690394;1681.892804
PGC2461213;169.906667;54.149444;2257.303190;560.579882
PGC2445071;169.908750;53.581111;802.413875;258.017787
PGC2530542;169.911250;56.247500;7630.289672;1658.968708
PGC2511553;169.915833;55.706389;6246.044760;1367.252953
PGC2458263;169.916667;54.049444;2004.329410;492.876343
PGC2468434;169.922083;54.396667;2895.030878;667.804567
PGC2448820;169.926250;53.716111;1153.668020;302.636229
PGC34667;169.927083;54.026389;1948.516970;465.056641
PGC2457251;169.933333;54.013056;1916.312184;448.620343
PGC2468029;169.935000;54.383889;2866.285460;641.810525
PGC2510849;169.938750;55.685000;6198.107677;1322.908408
PGC2474209;169.941250;54.592778;3402.956146;742.762518
PGC2465840;169.944167;54.311944;2684.920157;590.156013
PGC2468484;169.944583;54.398611;2906.921269;635.296834
PGC2443666;169.949583;53.531667;688.549872;169.805106
PGC34671;169.952083;55.721944;6296.661340;1323.184973
PGC34670;169.968750;54.462778;3078.612632;633.220504
PGC2447030;169.971667;53.651667;1002.821469;199.707921
PGC2481155;169.974167;54.813333;3977.570350;810.631144
PGC2498043;169.984583;55.322500;5283.931718;1064.836693
PGC2476373;169.998750;54.664722;3604.722841;695.614167
PGC2519045;170.007500;55.918333;6815.914653;1347.453756
PGC2472564;170.012917;54.536944;3282.039605;606.857311
PGC2495201;170.017083;55.235556;5071.233667;971.374945
PGC2448071;170.018750;53.689167;1113.625561;148.170373
PGC2446982;170.022083;53.650278;1015.094015;122.462854
PGC2512468;170.025417;55.731944;6344.168117;1222.778338
PGC2476256;170.026667;54.660833;3603.339819;652.224929
PGC2495002;170.041667;55.229167;5062.337372;932.105340
PGC2494089;170.045000;55.203889;4998.662963;913.801562
PGC2495020;170.046250;55.229722;5065.150226;925.711596
PGC2486301;170.062083;54.973333;4413.893797;766.135688
PGC2464763;170.069167;54.274444;2627.623200;383.528239
PGC2464644;170.070417;54.270000;2616.637510;379.292862
PGC2461061;170.088333;54.143889;2299.470006;285.255894
PGC2482172;170.092500;54.843889;4092.000622;652.418459
PGC2472365;170.112917;54.529722;3294.455983;454.523459
PGC2469444;170.115833;54.431667;3044.464818;397.802376
PGC2516219;170.123750;55.841389;6653.771305;1139.602943
PGC2450118;170.126667;53.762778;1336.077573;23.963816
PGC2451251;170.137083;53.803056;1442.462115;29.764372
PGC2537208;170.195000;56.451944;8237.591668;1365.333684
PGC2464331;170.199583;54.259444;2629.988245;180.611145
PGC2491729;170.230000;55.135278;4879.730469;606.758355
PGC2513000;170.231250;55.746667;6443.914611;934.168055
PGC2470362;170.260417;54.461944;3167.070600;198.982608
PGC2470347;170.295833;54.461389;3176.773036;146.029781
PGC2494002;170.327083;55.201389;5078.785624;500.657873
PGC2492924;170.332083;55.170278;5000.786080;476.493492
PGC2501545;170.337917;55.423056;5648.923301;605.080398
PGC2485842;170.364167;54.959167;4471.004474;314.931788
PGC2519649;170.365417;55.935000;6966.442368;843.399153
PGC2469445;170.373750;54.431667;3125.342707;14.048951
PGC2525835;170.385000;56.108611;7416.389493;909.842721
PGC2513430;170.387917;55.759167;6523.707555;715.462341
PGC2480108;170.413333;54.781389;4031.925699;145.839297
PGC2483992;170.425417;54.901111;4341.766517;193.344415
PGC2489852;170.442917;55.079722;4803.808002;265.184535
PGC34750;170.444167;55.754444;6528.928804;631.964109
PGC2536359;170.480000;56.424444;8252.963871;947.433111
PGC2485213;170.480417;54.939444;4457.038934;133.494105
PGC2487604;170.480417;55.011111;4640.204678;172.739577
PGC2493689;170.485000;55.191944;5103.813730;265.078580
PGC2487671;170.486667;55.013056;4647.139042;164.644178
PGC34769;170.515000;55.742222;6519.562921;523.363082
PGC2534947;170.529583;56.382500;8160.807843;854.274189
PGC2485962;170.552083;54.963056;4539.989368;41.264818
PGC2485769;170.555417;54.956667;4524.718205;32.858002
PGC2497601;170.573333;55.309444;5431.780033;200.955048
PGC2509412;170.574167;55.644444;6288.054125;384.355155
PGC2522873;170.618333;56.026389;7277.810962;531.794270
PGC2520918;170.653333;55.971389;7148.124412;451.342624
PGC2510566;170.693750;55.677222;6409.195794;230.136803
PGC2520575;170.710000;55.962222;7142.351643;365.226958
PGC3086980;170.745000;56.194722;7747.248138;444.798257
PGC2522934;170.760000;56.027778;7325.437502;330.315541
PGC3086981;170.773333;56.183889;7728.394042;398.478958
PGC2522101;170.775833;56.004167;7270.078833;294.527246
PGC2522591;170.775833;56.017500;7304.136627;301.975228
PGC2529043;170.796667;56.202778;7783.924271;375.877061
PGC2528585;170.810417;56.188611;7752.029938;348.409256
PGC2521586;170.890417;55.989444;7268.500187;122.625634
PGC2525290;170.895000;56.093889;7536.644546;174.879423
PGC2526645;170.910417;56.131944;7638.676258;174.367416
PGC2530229;170.970833;56.237500;7927.241825;148.129961
PGC2815960;170.990417;56.175278;7774.566402;85.094254
PGC2533412;171.092500;56.333056;8209.667300;30.031341
PGC2435433;209.158333;53.237500;6621.468630;131.440509
PGC2436708;209.227917;53.282778;6488.706158;222.593184
PGC49614;209.236250;53.866389;4974.556147;19.093811
PGC2451068;209.271250;53.796389;5148.238916;98.611229
PGC49636;209.310833;54.100833;4350.852748;45.474604
PGC2816071;209.319167;54.210000;4066.246920;17.327745
PGC2462689;209.354167;54.202222;4078.725814;73.266929
PGC2468747;209.361667;54.408056;3543.955434;7.372283
PGC2469351;209.422917;54.428333;3478.021674;92.047014
PGC2438310;209.423333;53.340833;6294.514978;503.357846
PGC2480217;209.478750;54.784444;2543.588807;40.963988
PGC2478549;209.547500;54.732500;2662.988706;163.474837
PGC2483578;209.611667;54.888056;2246.089872;199.580276
PGC2459353;209.671667;54.085278;4310.658322;599.367156
PGC2498061;209.671667;55.323056;1106.680652;120.668979
PGC2507497;209.701250;55.589444;410.462423;60.897758
PGC2506504;209.725833;55.561667;476.997545;107.665138
PGC2492759;209.732917;55.165833;1500.162243;272.045757
PGC2454191;209.741250;53.904444;4762.809292;775.400198
PGC2452936;209.760000;53.861111;4870.647083;820.885986
PGC2511324;209.773750;55.699722;109.027511;123.878370
PGC2492223;209.808750;55.150000;1524.245766;390.356030
PGC2491652;209.829583;55.132778;1564.150484;427.924101
PGC2453053;209.862917;53.865000;4836.787912;976.406558
PGC2484799;209.877083;54.926667;2086.783293;579.457367
PGC2449818;209.882083;53.752778;5122.682462;1049.914906
PGC2487632;209.903750;55.011944;1860.103242;585.394808
PGC2502281;209.914167;55.443333;741.520239;430.149450
PGC2497308;209.949167;55.300833;1102.381602;538.089008
PGC2509846;209.964583;55.656667;178.140345;419.312834
PGC2503108;209.967917;55.465278;672.658114;500.303010
PGC49822;209.972917;54.788889;2421.384148;776.724465
PGC2472607;209.986667;54.538333;3066.301410;897.019621
PGC2480053;210.008750;54.779444;2437.583573;833.934409
PGC2491120;210.065000;55.116389;1553.172716;782.661874
PGC2470911;210.077083;54.480556;3194.737071;1055.883292
PGC2479781;210.078333;54.771389;2442.355582;940.955494
PGC2816073;210.135000;55.246111;1201.591921;833.811975
PGC2800846;210.142500;55.254444;1178.314820;841.500469
PGC49874;210.174583;55.164722;1402.938003;925.140779
PGC2498044;210.179583;55.322500;993.774002;868.558559
PGC2496936;210.223333;55.289722;1068.426800;946.260073
PGC2506745;210.242500;55.568056;344.246408;860.978923
PGC2484987;210.257917;54.932222;1984.659692;1143.127362
PGC49919;210.316667;54.418889;3297.614376;1441.027531
PGC2433606;210.362917;53.171111;6511.504139;2024.771640
PGC2505057;210.375000;55.520278;437.060008;1074.370747
PGC2494552;210.507917;55.216944;1189.722621;1395.463527
PGC2485011;210.547917;54.933056;1913.625571;1573.331791
PGC2497608;210.586667;55.309722;931.214669;1472.521538
PGC165626;210.622500;54.271389;3604.543615;1962.943539
PGC2508194;210.631250;55.610000;144.730178;1411.338931
PGC2488024;210.657917;55.023889;1652.430162;1698.151568
PGC2492263;210.665417;55.150833;1322.732914;1655.533243
PGC2491663;210.717500;55.133056;1356.025359;1739.947294
PGC2497907;210.738750;55.318333;872.361043;1692.405632
PGC2489892;210.765417;55.080833;1479.210593;1832.969373
PGC50063;210.801667;54.348056;3362.175851;2200.264828
PGC2492567;210.852500;55.160000;1253.466641;1927.615761
PGC2503863;210.859167;55.487778;405.503798;1796.392638
PGC2500638;210.880417;55.399444;628.400900;1865.559269
PGC2508334;210.939583;55.614444;58.788549;1859.118116
PGC2505453;210.944167;55.532222;269.957740;1901.444691
PGC2507887;210.986250;55.600556;83.202583;1933.187790
PGC2485420;211.076667;54.945278;1751.916357;2352.215649
PGC214207;211.100833;54.935278;1771.627395;2392.416237
PGC165629;211.120417;54.396667;3156.158393;2658.313730
PGC2480519;211.154583;54.793611;2123.485648;2534.556958
PGC99782;211.178750;55.435278;461.977120;2286.884511
PGC50191;211.180833;54.893611;1858.856433;2529.390589
PGC2469762;211.230417;54.441389;3012.530005;2803.636251
PGC2468609;211.231667;54.403056;3111.067270;2822.524761
PGC2448110;211.240833;53.691111;4944.796253;3152.524548
PGC50216;211.256667;53.662222;5015.138505;3189.553805
PGC2499013;211.299167;55.351944;646.567896;2500.297153
PGC2432176;211.299167;53.115278;6414.631759;3498.670998
PGC2816075;211.315000;54.416111;3055.800659;2941.770808
PGC2464645;211.341667;54.270000;3425.571930;3047.216494
PGC2490330;211.372500;55.094167;1292.621422;2723.573619
PGC50262;211.387917;54.461111;2920.772440;3030.931142
PGC2487904;211.426250;55.020278;1469.270331;2836.193572
PGC2456753;211.437083;53.994722;4110.107059;3315.108450
PGC50284;211.467917;53.128889;6334.038147;3753.682651
PGC2435590;211.477083;53.243333;6036.458736;3716.018945
PGC2487633;211.497083;55.011944;1472.376196;2944.645530
PGC2494871;211.502500;55.225278;921.047521;2855.833358
PGC2435292;211.536250;53.233056;6046.893051;3811.965370
PGC2494825;211.537083;55.224167;914.942314;2907.177116
PGC2498195;211.546667;55.327500;646.092278;2874.197696
PGC2485992;211.608750;54.964167;1566.307555;3131.523365
PGC50338;211.700417;55.029722;1373.227117;3236.882883
PGC2505695;211.707083;55.538889;59.495867;3011.818266
PGC2489445;211.729167;55.067222;1269.008052;3262.002788
PGC2505033;211.756667;55.519722;95.900820;3092.979682
PGC2496014;211.766250;55.260556;761.120925;3227.092648
PGC2468675;211.772083;54.405278;2962.609722;3632.204300
PGC2428287;211.780833;52.963889;6673.247618;4314.143180
PGC50369;211.797083;55.001667;1419.834102;3392.632459
PGC2480744;211.819583;54.800556;1931.794975;3519.463910
PGC2455022;211.830000;53.932778;4163.745427;3939.080550
PGC2504009;211.839167;55.491389;147.166387;3226.497494
PGC2471644;211.842500;54.506667;2682.463600;3690.492742
PGC2456975;211.843750;54.002500;3980.424139;3927.420089
PGC2457015;211.850417;54.003889;3975.020724;3936.862750
PGC50383;211.854167;55.103056;1143.458013;3429.635288
PGC2457151;211.857083;54.009167;3959.602125;3944.489512
PGC2486514;211.872083;54.979444;1457.005845;3513.799201
PGC2449271;211.888750;53.732778;4662.612529;4121.732910
PGC2490942;211.892500;55.111389;1111.739653;3482.208948
PGC50395;211.912917;54.794444;1922.389197;3660.866502
PGC2495124;211.914583;55.233056;792.500296;3457.682582
PGC2502926;211.920417;55.460556;205.029479;3359.510372
PGC2503998;211.942083;55.491111;120.558598;3376.781686
PGC2439146;211.948333;53.370278;5579.511675;4382.916619
PGC2504467;211.977500;55.503611;78.912847;3422.554406
PGC2452513;211.980833;53.846944;4343.128590;4208.183483
PGC2816079;211.995833;53.800000;4459.809940;4253.114719
PGC2495934;212.003333;55.258056;704.295633;3576.180084
PGC2473181;212.005000;54.557222;2508.053220;3909.541543
PGC2501263;212.022500;55.415556;293.605135;3529.816564
PGC2489567;212.042917;55.070833;1175.598364;3722.920786
PGC50438;212.057083;53.883056;4228.930336;4306.862661
PGC2452243;212.061250;53.837500;4345.022562;4334.787404
PGC50443;212.089583;55.301389;569.435091;3682.108082
PGC2481341;212.091667;54.818611;1811.518793;3914.658439
PGC2498513;212.102917;55.336667;475.008826;3684.857601
PGC50546;212.111250;54.908889;1573.807117;3900.720975
PGC2476094;212.115833;54.656111;2223.084650;4027.875938
PGC2457777;212.130833;54.032222;3824.408694;4347.632424
PGC2498643;212.160000;55.341111;448.068262;3766.291902
PGC2503127;212.163750;55.466111;125.303178;3712.018733
PGC2456843;212.177917;53.998333;3898.404244;4435.009094
PGC2473777;212.184167;54.577222;2407.184164;4167.360887
PGC2482599;212.205000;54.856111;1683.837507;4064.715354
PGC2816081;212.209167;54.375278;2919.801183;4301.494976
PGC3087046;212.225000;55.440556;174.411356;3813.648441
PGC2480371;212.226250;54.789167;1850.201612;4128.337933
PGC2478101;212.231667;54.718056;2031.652919;4170.537673
PGC2504156;212.243333;55.495278;28.575030;3814.085914
PGC2495021;212.248750;55.229722;710.462374;3949.763242
PGC2501446;212.252500;55.420278;219.083278;3863.548673
PGC2484319;212.257083;54.911667;1526.495396;4115.108258
PGC2473142;212.258750;54.556111;2440.732551;4288.746126
PGC2483087;212.267917;54.872222;1624.970200;4150.132942
PGC2496982;212.271667;55.291389;545.490614;3953.664804
PGC2466500;212.300417;54.333333;3002.107853;4458.490152
PGC50507;212.332083;55.282222;552.432403;4046.605115
PGC2471228;212.338333;54.491944;2583.474442;4438.541172
PGC214217;212.382083;55.264444;584.329678;4128.495618
PGC2495954;212.387917;55.258889;597.002164;4139.746023
PGC2483979;212.421250;54.900833;1508.603836;4363.126223
PGC2502920;212.425000;55.460556;67.972385;4095.759434
PGC2487761;212.457083;55.016111;1202.105276;4359.774279
PGC50460;212.470417;54.926389;1429.074900;4423.324008
PGC2816082;212.486250;54.946944;1371.763420;4436.651557
