RA	DEC	NAME	DIAMETER
210.802080	54.348917	M101 , 17 Mly	56.00
202.041915	46.671806	NGC5169 , 125 Mly	4.20
202.105950	46.591786	NGC5173 , 125 Mly	2.00
202.468545	47.195697	NGC5194 , 30 Mly	18.00
202.497165	47.266717	NGC5195 , 30 Mly	14.00
202.547160	46.670694	NGC5198 , 130 Mly	4.00
203.512035	47.914722	NGC5229 , 25 Mly	7.40
167.879130	55.674000	NGC3556 , 42 Mly	17.60
169.058670	55.704056	NGC3594 , 486 Mly	2.60
210.175080	55.164389	NGC5422 , 94 Mly	6.60
210.753750	54.241500	NGC5455 , 20 Mly	0.20
210.802080	54.348917	NGC5457 , 17 Mly	56.00
211.120830	54.396778	NGC5471 , 20 Mly	0.49
211.180590	54.892417	NGC5473 , 103 Mly	4.40
211.256670	53.662444	NGC5474 , 19 Mly	13.00
211.387500	54.460556	NGC5477 , 21 Mly	3.80
211.700685	55.029858	NGC5484 , 103 Mly	0.85
211.797420	55.001528	NGC5485 , 97 Mly	5.40
211.853910	55.102778	NGC5486 , 71 Mly	3.00
200.908333	46.692778	LEDA 2285555 , 2549 Mly	0.35
201.037083	45.982778	LEDA 2273470 , 1752 Mly	0.35
201.073333	47.391944	LEDA 2297345 , 1335 Mly	0.42
201.073750	47.384167	LEDA 2297200 , 1314 Mly	0.57
201.075000	46.583333	LEDA 2283670 , 1822 Mly	0.33
201.118333	47.527222	LEDA 3096255 , 1024 Mly	0.37
201.146667	47.298889	LEDA 2295814 , 1299 Mly	0.35
201.165000	46.954722	LEDA 2289953 , 1315 Mly	0.35
201.200833	46.249444	LEDA 2277963 , 11 Mly	1.01
201.205417	46.238611	LEDA 2277777 , 1555 Mly	0.47
201.218750	46.192500	LEDA 2276973 , 846 Mly	0.53
201.231250	46.117222	LEDA 2275680 , 1093 Mly	0.33
201.257083	46.878333	LEDA 2288684 , 2045 Mly	0.46
201.305417	46.314444	LEDA 2279042 , 881 Mly	1.25
201.322500	47.593333	LEDA 2300923 , 1273 Mly	0.59
201.327083	47.377778	LEDA 2297090 , 1325 Mly	0.41
201.332917	48.040278	LEDA 2790853 , 244 Mly	0.66
201.390000	46.215000	LEDA 2277374 , 2761 Mly	0.49
201.419583	46.857222	LEDA 2288312 , 1249 Mly	0.57
201.439583	46.161667	LEDA 46981 , 534 Mly	0.77
201.533750	48.300556	LEDA 2314530 , 2068 Mly	0.41
201.560833	47.300278	LEDA 2295834 , 1310 Mly	0.69
201.592500	46.463056	LEDA 2281644 , 1321 Mly	0.57
201.595417	47.458333	LEDA 2298575 , 1314 Mly	0.43
201.600833	46.852778	LEDA 2288242 , 1314 Mly	0.41
201.629167	46.317222	LEDA 2279089 , 882 Mly	0.43
201.657500	47.545556	LEDA 3096259 , 1350 Mly	0.26
201.659167	47.557778	LEDA 3096260 , 2849 Mly	0.30
201.671667	47.212222	LEDA 2294311 , 1295 Mly	0.49
201.681667	46.158056	LEDA 2276380 , 1322 Mly	0.55
201.702500	47.440278	LEDA 2298213 , 1306 Mly	0.52
201.714167	47.424444	LEDA 2297924 , 1322 Mly	0.41
201.765000	46.362500	LEDA 3096261 , 2590 Mly	0.20
201.768333	48.326667	LEDA 2315068 , 1097 Mly	0.42
201.829167	46.976944	LEDA 2290293 , 1085 Mly	0.49
201.833333	46.994167	LEDA 2290581 , 1100 Mly	0.37
201.837083	46.930833	LEDA 2289559 , 1090 Mly	0.62
201.886250	47.651111	LEDA 83995 , 886 Mly	0.48
201.900000	47.647500	LEDA 2301870 , 883 Mly	0.61
201.919167	47.719444	LEDA 2303148 , 881 Mly	0.43
201.927083	46.327778	LEDA 3096262 , 1249 Mly	0.15
201.947083	46.967500	LEDA 2790855 , 880 Mly	0.28
202.023333	45.901944	LEDA 2272168 , 532 Mly	0.33
202.042083	46.671944	LEDA 47231 , 125 Mly	4.20
202.048750	48.111389	LEDA 2310700 , 1097 Mly	0.47
202.082500	46.931667	LEDA 2289565 , 1090 Mly	0.34
202.105000	46.591667	LEDA 47257 , 125 Mly	2.00
202.122083	46.371389	LEDA 3096263 , 2648 Mly	0.21
202.129167	47.714167	LEDA 91291 , 885 Mly	1.15
202.138333	46.927222	LEDA 47270 , 139 Mly	3.80
202.140000	46.500000	LEDA 47274 , 132 Mly	0.83
202.207083	46.262222	LEDA 47295 , 135 Mly	1.24
202.216250	47.210278	LEDA 2294282 , 1541 Mly	0.33
202.297083	46.078333	LEDA 2274979 , 1312 Mly	0.47
202.313333	46.502500	LEDA 47323 , 132 Mly	0.75
202.347083	46.471111	LEDA 2281785 , 1185 Mly	0.35
202.395000	46.106111	LEDA 2275488 , 539 Mly	0.39
202.428333	47.884722	LEDA 3087449 , 578 Mly	0.50
202.467917	47.194444	LEDA 47404 , 30 Mly	18.00
202.469167	48.370833	LEDA 2315981 , 1662 Mly	0.33
202.470417	45.824167	LEDA 2271002 , 1965 Mly	0.54
202.496667	47.267778	LEDA 47413 , 30 Mly	14.00
202.547500	46.671111	LEDA 47441 , 130 Mly	4.00
202.585000	48.048056	LEDA 2309482 , 1681 Mly	0.66
202.625833	46.275556	LEDA 2278401 , 2638 Mly	0.33
202.634167	46.259722	LEDA 2278118 , 2336 Mly	0.33
202.640000	46.218889	LEDA 2277435 , 1565 Mly	0.43
202.650833	47.744167	LEDA 2303602 , 896 Mly	0.63
202.687500	47.558889	LEDA 2300341 , 892 Mly	0.68
202.704583	46.415278	LEDA 3096266 , 1324 Mly	0.34
202.733750	47.085556	LEDA 2292105 , 1079 Mly	0.51
202.843750	47.834722	LEDA 2305258 , 888 Mly	0.33
202.873750	47.695278	LEDA 2302712 , 883 Mly	0.79
202.883333	46.795278	LEDA 2287260 , 890 Mly	0.59
202.906667	46.150833	LEDA 47559 , 133 Mly	1.52
202.939167	46.821667	LEDA 2287732 , 1078 Mly	0.87
202.978750	47.882778	LEDA 2306178 , 1581 Mly	0.33
203.036667	47.485000	LEDA 2299047 , 398 Mly	0.70
203.063750	45.824722	LEDA 2271019 , 2284 Mly	0.33
203.079583	46.991944	LEDA 2290538 , 1319 Mly	0.33
203.086667	47.172222	LEDA 2293576 , 2301 Mly	0.33
203.087917	46.684444	LEDA 2285407 , 1076 Mly	0.62
203.091667	47.045278	LEDA 2291430 , 2310 Mly	0.33
203.112500	45.909722	LEDA 2272306 , 539 Mly	0.75
203.113333	46.810833	LEDA 2287543 , 1648 Mly	0.59
203.115833	45.818611	LEDA 91294 , 1237 Mly	0.85
203.129167	46.091667	LEDA 2275228 , 1608 Mly	0.47
203.175833	47.121944	LEDA 2292718 , 2550 Mly	0.36
203.227500	45.958333	LEDA 2273085 , 1235 Mly	0.35
203.259167	47.627222	LEDA 2301491 , 920 Mly	0.83
203.310000	45.838056	LEDA 47718 , 72 Mly	2.40
203.342500	46.168889	LEDA 2276566 , 539 Mly	0.36
203.362917	46.133889	LEDA 2275974 , 1843 Mly	0.33
203.389583	47.636111	LEDA 2301670 , 902 Mly	0.45
203.442500	47.698889	LEDA 2302775 , 1280 Mly	0.39
203.444583	46.665000	LEDA 2285048 , 1656 Mly	0.37
203.451250	45.731389	LEDA 2269607 , 756 Mly	0.72
203.512500	47.913889	LEDA 47788 , 25 Mly	7.40
203.521250	47.395833	LEDA 2297415 , 2316 Mly	0.37
203.539167	45.965278	LEDA 2273200 , 2657 Mly	0.33
203.554167	46.521389	LEDA 2282638 , 1648 Mly	0.33
203.581250	47.715833	LEDA 2303083 , 1285 Mly	0.42
203.623750	47.726944	LEDA 2303283 , 917 Mly	0.53
203.625417	47.550278	LEDA 3096267 , 888 Mly	0.17
203.637083	46.318333	LEDA 2279104 , 681 Mly	0.68
203.671667	47.114722	LEDA 2292593 , 2668 Mly	0.34
203.739167	47.647500	LEDA 2301872 , 893 Mly	0.56
203.822917	47.617222	LEDA 3096272 , 888 Mly	0.26
203.877500	47.245278	LEDA 2294884 , 2311 Mly	0.43
203.912917	47.975000	LEDA 2308010 , 2785 Mly	0.35
203.931250	47.349444	LEDA 2296637 , 892 Mly	0.65
203.942500	47.419722	LEDA 2297850 , 899 Mly	0.93
203.942917	47.433333	LEDA 2298090 , 938 Mly	0.55
203.971667	47.452500	LEDA 2298462 , 879 Mly	0.45
204.063750	48.296944	LEDA 2314443 , 2450 Mly	0.35
204.188333	48.181944	LEDA 2312093 , 1363 Mly	0.46
166.617500	54.271667	LEDA 33583 , 1108 Mly	0.85
166.785833	54.925833	LEDA 2484769 , 528 Mly	0.63
166.803333	54.535000	LEDA 2472523 , 789 Mly	0.53
166.854583	54.524167	LEDA 33676 , 788 Mly	0.79
166.865833	53.987778	LEDA 2456551 , 881 Mly	0.57
166.872083	53.843056	LEDA 2452381 , 1104 Mly	0.50
166.942500	55.442222	LEDA 2502231 , 1039 Mly	0.43
166.967083	55.146944	LEDA 2492115 , 878 Mly	0.45
166.980000	53.814167	LEDA 213787 , 1116 Mly	0.57
167.010833	55.350556	LEDA 2498969 , 717 Mly	0.77
167.011250	53.616389	LEDA 33726 , 68 Mly	2.00
167.067500	55.878611	LEDA 2517636 , 726 Mly	0.45
167.068750	55.936389	LEDA 2519697 , 731 Mly	0.60
167.073750	53.824167	LEDA 33736 , 313 Mly	2.60
167.080000	55.414722	LEDA 2501220 , 924 Mly	0.59
167.080833	55.705278	LEDA 2815947 , 705 Mly	0.27
167.086667	54.559722	LEDA 2473251 , 1111 Mly	0.64
167.125417	55.595000	LEDA 2507700 , 1239 Mly	0.55
167.189583	56.264444	LEDA 2531124 , 712 Mly	0.50
167.198750	55.654167	LEDA 2509749 , 1235 Mly	0.46
167.206667	54.737500	LEDA 2478713 , 885 Mly	0.45
167.257083	55.563889	LEDA 2506574 , 1246 Mly	0.53
167.289167	54.193889	LEDA 2462471 , 1167 Mly	0.65
167.311250	55.436389	LEDA 33805 , 717 Mly	0.75
167.351667	55.906944	LEDA 2518668 , 918 Mly	0.43
167.387500	54.365278	LEDA 2467455 , 1188 Mly	0.53
167.417500	53.846667	LEDA 2452507 , 314 Mly	0.73
167.482500	56.498056	LEDA 2538680 , 2195 Mly	0.39
167.549583	55.117500	LEDA 2491147 , 848 Mly	0.52
167.560833	56.633889	LEDA 2542964 , 2211 Mly	0.33
167.567083	55.153611	LEDA 2492355 , 852 Mly	0.55
167.594167	54.188056	LEDA 2462316 , 367 Mly	0.47
167.599583	55.660000	LEDA 2509962 , 1122 Mly	0.37
167.605000	54.480556	LEDA 2470917 , 993 Mly	0.62
167.607083	54.169444	LEDA 2461788 , 2062 Mly	0.37
167.626250	55.169722	LEDA 33914 , 841 Mly	2.40
167.642083	54.455278	LEDA 2470157 , 528 Mly	0.77
167.650833	55.526389	LEDA 2505260 , 809 Mly	0.56
167.655417	54.193333	LEDA 2462452 , 2040 Mly	0.45
167.662500	55.551667	LEDA 2506141 , 802 Mly	0.55
167.666250	55.158056	LEDA 2492506 , 847 Mly	0.44
167.671250	56.306944	LEDA 2532518 , 1320 Mly	0.47
167.740000	55.195278	LEDA 2493781 , 845 Mly	0.65
167.756250	55.149722	LEDA 2492212 , 846 Mly	0.35
167.775833	55.272778	LEDA 2496392 , 846 Mly	0.41
167.800000	55.603056	LEDA 2507972 , 845 Mly	0.66
167.802500	55.279167	LEDA 2496605 , 391 Mly	0.69
167.820417	55.113611	LEDA 2491013 , 1019 Mly	0.33
167.835000	54.767500	LEDA 2479663 , 2411 Mly	0.33
167.858750	55.595000	LEDA 2507703 , 1232 Mly	0.50
167.862917	56.506111	LEDA 213794 , 477 Mly	0.72
167.865417	54.083611	LEDA 2459292 , 1548 Mly	0.41
167.874167	54.798333	LEDA 2480670 , 719 Mly	0.36
167.875833	55.673333	LEDA 34030 , 42 Mly	17.60
167.897917	55.269444	LEDA 2496290 , 1530 Mly	0.41
167.898750	56.526667	LEDA 34029 , 155 Mly	2.60
167.902500	53.582222	LEDA 139538 , 2070 Mly	0.33
167.902917	54.988889	LEDA 2815950 , 1098 Mly	0.33
167.903333	54.517222	LEDA 2471965 , 1046 Mly	0.59
167.911667	53.604444	LEDA 2445730 , 1541 Mly	0.38
167.930000	55.110000	LEDA 2490901 , 1015 Mly	1.30
167.931250	53.988611	LEDA 34045 , 713 Mly	0.79
167.941250	53.533611	LEDA 2443726 , 1030 Mly	0.71
167.951667	55.083056	LEDA 2489976 , 392 Mly	1.19
167.966667	55.483611	LEDA 2503722 , 1037 Mly	0.51
167.967500	56.660556	LEDA 2543767 , 690 Mly	0.76
167.972500	55.754444	LEDA 2513272 , 804 Mly	0.50
167.981250	54.267500	LEDA 2815951 , 1036 Mly	0.53
167.985833	55.913056	LEDA 2518865 , 1027 Mly	0.39
168.033750	56.176944	LEDA 2528159 , 1019 Mly	0.45
168.051667	56.127222	LEDA 2526448 , 916 Mly	0.75
168.070417	55.400556	LEDA 2500674 , 2013 Mly	0.37
168.071667	56.582222	LEDA 2541321 , 654 Mly	0.77
168.076250	55.423889	LEDA 2501579 , 1278 Mly	0.53
168.090000	54.493333	LEDA 2471269 , 869 Mly	0.53
168.091250	54.027222	LEDA 34081 , 578 Mly	0.96
168.110833	54.505000	LEDA 2471597 , 3114 Mly	0.51
168.117500	53.524722	LEDA 139543 , 675 Mly	0.51
168.122500	54.916667	LEDA 2484482 , 1005 Mly	0.56
168.127917	53.707500	LEDA 2448587 , 1542 Mly	0.40
168.135833	55.509722	LEDA 2504689 , 1125 Mly	0.58
168.139583	56.125833	LEDA 2526403 , 1322 Mly	0.44
168.149167	54.513889	LEDA 2471865 , 1364 Mly	0.73
168.181250	54.459722	LEDA 2470300 , 1363 Mly	0.61
168.187500	55.409167	LEDA 2500995 , 873 Mly	0.50
168.196250	56.685278	LEDA 2544485 , 695 Mly	0.49
168.200000	54.731667	LEDA 2478521 , 1087 Mly	0.33
168.210417	55.005000	LEDA 2487391 , 1020 Mly	0.47
168.214167	56.245000	LEDA 34117 , 730 Mly	0.52
168.223333	53.830556	LEDA 2452027 , 3118 Mly	0.40
168.230417	55.491111	LEDA 2503997 , 726 Mly	0.55
168.235833	55.683056	LEDA 34128 , 800 Mly	0.73
168.251667	54.750556	LEDA 2479134 , 1011 Mly	0.40
168.253333	55.977778	LEDA 2521154 , 962 Mly	0.77
168.260417	55.260278	LEDA 2496000 , 1971 Mly	0.86
168.265000	54.060000	LEDA 2458569 , 2680 Mly	0.40
168.269167	54.817222	LEDA 2481299 , 1031 Mly	0.44
168.274167	55.808333	LEDA 34136 , 408 Mly	0.50
168.285417	56.448056	LEDA 2537078 , 505 Mly	1.09
168.292917	53.582500	LEDA 2445118 , 1530 Mly	0.33
168.299583	54.378333	LEDA 2467871 , 2026 Mly	0.58
168.305417	55.555833	LEDA 34144 , 719 Mly	0.87
168.319167	54.691389	LEDA 2477242 , 1530 Mly	0.73
168.330833	56.478056	LEDA 34163 , 498 Mly	0.96
168.339583	55.572778	LEDA 2506900 , 847 Mly	0.64
168.346250	54.733056	LEDA 2478573 , 1350 Mly	0.33
168.357500	53.595000	LEDA 34170 , 53 Mly	3.80
168.370000	54.843611	LEDA 2482169 , 2008 Mly	0.51
168.391250	54.115278	LEDA 2460194 , 827 Mly	0.42
168.410000	55.410833	LEDA 34197 , 540 Mly	0.50
168.418333	55.576944	LEDA 2507057 , 4291 Mly	0.33
168.427500	56.021389	LEDA 2522727 , 742 Mly	0.49
168.431667	53.646944	LEDA 2446875 , 53 Mly	0.95
168.444167	55.721389	LEDA 2512111 , 406 Mly	0.72
168.457917	55.060556	LEDA 2489233 , 1028 Mly	0.63
168.467083	55.475556	LEDA 2503455 , 1298 Mly	0.55
168.472917	55.313056	LEDA 2497738 , 1246 Mly	0.70
168.474167	54.712778	LEDA 2477924 , 1067 Mly	0.64
168.505417	56.391389	LEDA 2535244 , 1743 Mly	0.45
168.515000	54.382778	LEDA 2467989 , 1687 Mly	0.49
168.525833	53.658333	LEDA 2447205 , 1302 Mly	0.57
168.526250	55.710833	LEDA 34213 , 411 Mly	1.20
168.552083	54.066667	LEDA 34221 , 1540 Mly	0.45
168.560417	55.661389	LEDA 2510016 , 1244 Mly	0.33
168.561667	54.379167	LEDA 2467894 , 776 Mly	0.58
168.565000	53.505833	LEDA 2442966 , 1015 Mly	0.56
168.580417	54.761111	LEDA 2479466 , 2105 Mly	0.47
168.625833	56.587500	LEDA 2541486 , 1075 Mly	0.49
168.642083	54.604722	LEDA 2474551 , 965 Mly	0.35
168.643333	55.731111	LEDA 2512441 , 1334 Mly	0.46
168.649167	56.363611	LEDA 2534373 , 1741 Mly	0.91
168.650417	53.670000	LEDA 2447554 , 1573 Mly	0.62
168.651250	55.442778	LEDA 2502249 , 1283 Mly	0.57
168.651667	54.760000	LEDA 2479429 , 1059 Mly	0.68
168.654583	54.484167	LEDA 2471016 , 993 Mly	0.42
168.667083	55.102500	LEDA 2490640 , 860 Mly	0.33
168.668750	54.105833	LEDA 2459912 , 716 Mly	0.33
168.674583	55.921111	LEDA 2519146 , 748 Mly	0.47
168.693750	54.376667	LEDA 2467802 , 967 Mly	0.62
168.694583	55.092778	LEDA 2490291 , 789 Mly	0.74
168.698333	55.273333	LEDA 2496406 , 1057 Mly	0.61
168.701667	56.578333	LEDA 34268 , 503 Mly	0.95
168.702500	55.826389	LEDA 2515655 , 714 Mly	1.66
168.709167	53.902778	LEDA 2454148 , 2186 Mly	0.33
168.719167	53.900556	LEDA 2454084 , 1510 Mly	0.62
168.728333	54.386667	LEDA 2468109 , 965 Mly	0.71
168.735000	54.658611	LEDA 2476173 , 869 Mly	0.36
168.736250	54.294444	LEDA 2465346 , 1029 Mly	0.44
168.737083	54.477222	LEDA 2470809 , 976 Mly	0.39
168.742083	54.491389	LEDA 2471204 , 998 Mly	0.39
168.743333	54.961111	LEDA 34279 , 498 Mly	0.80
168.747083	56.263611	LEDA 2531102 , 734 Mly	0.52
168.749167	54.455556	LEDA 2470166 , 632 Mly	1.30
168.762917	54.482778	LEDA 2470970 , 974 Mly	0.54
168.777083	55.660000	LEDA 2509963 , 845 Mly	0.59
168.781250	55.742500	LEDA 2512840 , 2524 Mly	0.47
168.782500	55.217500	LEDA 2494570 , 1036 Mly	0.47
168.785417	53.665000	LEDA 34293 , 1531 Mly	0.33
168.797083	56.435833	LEDA 2536712 , 897 Mly	0.78
168.800000	54.461667	LEDA 2470355 , 962 Mly	0.38
168.802083	55.456944	LEDA 2502776 , 2778 Mly	0.47
168.805417	53.671111	LEDA 2447588 , 1503 Mly	0.46
168.832500	54.387222	LEDA 34304 , 1018 Mly	0.57
168.836667	56.620000	LEDA 2542492 , 1093 Mly	0.69
168.836667	54.457222	LEDA 2470212 , 968 Mly	0.33
168.839583	55.666389	LEDA 2510186 , 1337 Mly	0.65
168.840417	55.973333	LEDA 34316 , 478 Mly	1.35
168.843333	54.879444	LEDA 2483306 , 1000 Mly	0.33
168.845000	54.515556	LEDA 2471919 , 1010 Mly	0.33
168.846667	56.443333	LEDA 2536930 , 896 Mly	0.34
168.846667	53.688611	LEDA 34321 , 1519 Mly	0.61
168.847083	54.345000	LEDA 2466861 , 1007 Mly	0.41
168.848750	54.443889	LEDA 34311 , 962 Mly	0.38
168.853333	53.697500	LEDA 2448298 , 1416 Mly	0.41
168.853333	54.846667	LEDA 2482280 , 1076 Mly	0.42
168.854583	54.365833	LEDA 2467471 , 1018 Mly	0.35
168.860833	54.140000	LEDA 2460940 , 1560 Mly	0.39
168.867500	54.373611	LEDA 2467703 , 1078 Mly	0.39
168.871250	55.455833	LEDA 34322 , 509 Mly	1.09
168.871250	53.734444	LEDA 2449326 , 1526 Mly	0.88
168.873333	54.370278	LEDA 2467603 , 1034 Mly	0.60
168.880833	53.517222	LEDA 2443270 , 559 Mly	0.78
168.887500	54.460000	LEDA 2470305 , 1048 Mly	0.33
168.894583	54.560833	LEDA 2473285 , 994 Mly	0.33
168.899167	54.593611	LEDA 2474232 , 1039 Mly	0.57
168.900833	54.023056	LEDA 2457523 , 1548 Mly	0.33
168.902083	53.649444	LEDA 2446962 , 1517 Mly	0.33
168.903333	56.586667	LEDA 2541454 , 552 Mly	0.69
168.904583	54.305000	LEDA 2465636 , 803 Mly	0.33
168.913333	56.019167	LEDA 2522644 , 485 Mly	0.55
168.915417	53.618889	LEDA 2446140 , 1614 Mly	0.33
168.918750	53.854444	LEDA 2452732 , 2039 Mly	0.45
168.923333	54.348611	LEDA 2466964 , 1034 Mly	0.61
168.924583	53.688333	LEDA 2448045 , 1619 Mly	0.46
168.926667	55.923056	LEDA 34337 , 485 Mly	1.01
168.930833	54.522222	LEDA 2472125 , 1029 Mly	0.33
168.931250	55.180278	LEDA 2493264 , 506 Mly	0.95
168.932500	53.782778	LEDA 2450687 , 709 Mly	0.41
168.953333	54.386111	LEDA 2468094 , 2135 Mly	0.49
168.959583	53.660556	LEDA 2447268 , 1628 Mly	0.39
168.974167	53.752500	LEDA 34343 , 2168 Mly	0.45
168.982500	54.598056	LEDA 2474364 , 1038 Mly	0.79
168.987500	53.531389	LEDA 2443655 , 558 Mly	0.41
168.988750	55.802222	LEDA 2514850 , 485 Mly	0.35
169.003333	54.704722	LEDA 2477655 , 615 Mly	0.42
169.010833	53.823611	LEDA 34352 , 312 Mly	0.72
169.015000	55.675556	LEDA 34356 , 498 Mly	0.73
169.023750	55.305833	LEDA 2497480 , 2039 Mly	0.33
169.023750	54.453611	LEDA 2470100 , 982 Mly	0.33
169.034167	54.751111	LEDA 2479154 , 595 Mly	0.50
169.035000	53.939444	LEDA 2455209 , 1548 Mly	0.43
169.035417	55.490000	LEDA 2503967 , 839 Mly	0.50
169.046667	54.119167	LEDA 2460310 , 756 Mly	1.03
169.050833	54.471667	LEDA 2470649 , 1515 Mly	0.40
169.051250	54.517222	LEDA 2471968 , 1030 Mly	0.57
169.051250	54.466111	LEDA 2470476 , 1071 Mly	0.68
169.053750	54.781389	LEDA 2480115 , 593 Mly	0.71
169.055000	54.785000	LEDA 2480239 , 1016 Mly	0.72
169.057917	55.704167	LEDA 34374 , 486 Mly	2.60
169.086667	53.495833	LEDA 2442689 , 2011 Mly	0.59
169.087083	53.711667	LEDA 2448704 , 399 Mly	0.63
169.093333	54.593611	LEDA 2474240 , 1018 Mly	0.48
169.094583	54.971111	LEDA 2486236 , 722 Mly	0.34
169.096250	53.403611	LEDA 2440125 , 1628 Mly	0.36
169.098750	54.612222	LEDA 2474770 , 1021 Mly	0.41
169.101667	54.707778	LEDA 2477757 , 2342 Mly	0.42
169.103750	54.669167	LEDA 2476505 , 619 Mly	0.65
169.108333	54.369167	LEDA 2467583 , 970 Mly	0.39
169.111250	54.342778	LEDA 2466799 , 2039 Mly	0.53
169.121250	54.467500	LEDA 2470533 , 1014 Mly	0.33
169.129167	54.636944	LEDA 2475529 , 1622 Mly	0.33
169.129167	54.321111	LEDA 2466117 , 1078 Mly	0.51
169.134167	55.435278	LEDA 2501985 , 1581 Mly	0.48
169.152083	55.648611	LEDA 2509562 , 476 Mly	0.51
169.179583	55.549444	LEDA 2506059 , 846 Mly	0.60
169.182917	53.861667	LEDA 2452958 , 499 Mly	0.80
169.184583	54.702500	LEDA 34403 , 590 Mly	0.81
169.191250	54.285556	LEDA 2465102 , 510 Mly	0.58
169.194583	54.751111	LEDA 34418 , 613 Mly	0.93
169.194583	54.804167	LEDA 2480863 , 1009 Mly	0.47
169.197500	54.642778	LEDA 2475697 , 2123 Mly	0.51
169.199167	54.545000	LEDA 2472807 , 1022 Mly	0.79
169.202083	54.411667	LEDA 2468853 , 2018 Mly	0.34
169.206250	54.990278	LEDA 2486887 , 1074 Mly	0.49
169.208750	54.728333	LEDA 34410 , 610 Mly	0.75
169.225000	54.940556	LEDA 2485269 , 1728 Mly	0.89
169.233750	54.296944	LEDA 2465427 , 1521 Mly	0.34
169.235833	55.679722	LEDA 2510654 , 1596 Mly	0.41
169.240833	54.494722	LEDA 2471303 , 1613 Mly	0.36
169.261250	54.510278	LEDA 2471751 , 1627 Mly	0.54
169.266250	54.554167	LEDA 2473085 , 1022 Mly	0.47
169.267083	54.920833	LEDA 34444 , 1998 Mly	0.57
169.270000	55.514167	LEDA 2504850 , 844 Mly	0.41
169.270833	54.893889	LEDA 2483762 , 1003 Mly	0.33
169.277083	54.916667	LEDA 34447 , 2023 Mly	0.51
169.277083	54.923333	LEDA 34448 , 2043 Mly	0.35
169.280000	54.540278	LEDA 2472680 , 1624 Mly	0.53
169.281250	55.051667	LEDA 2488942 , 1501 Mly	0.33
169.284583	54.917222	LEDA 34452 , 1983 Mly	0.50
169.297083	53.797222	LEDA 2451087 , 1411 Mly	0.36
169.316667	54.855000	LEDA 2482570 , 1510 Mly	0.33
169.319167	54.898333	LEDA 2483895 , 788 Mly	0.47
169.341667	54.817500	LEDA 2481311 , 1028 Mly	0.41
169.349583	53.680000	LEDA 2447816 , 403 Mly	0.34
169.370000	53.865000	LEDA 2453055 , 587 Mly	0.63
169.380833	53.521667	LEDA 34475 , 396 Mly	0.87
169.382083	55.551667	LEDA 2506135 , 1996 Mly	0.45
169.382500	55.821944	LEDA 2515514 , 1599 Mly	0.33
169.383750	55.830556	LEDA 2515816 , 2523 Mly	0.54
169.407500	53.578056	LEDA 2444994 , 1114 Mly	0.67
169.412083	54.297778	LEDA 2465438 , 1288 Mly	0.44
169.424167	53.765278	LEDA 2450195 , 533 Mly	0.75
169.431250	53.793333	LEDA 34505 , 542 Mly	0.87
169.436250	54.511944	LEDA 2471799 , 721 Mly	0.76
169.444167	54.849444	LEDA 2482379 , 1513 Mly	0.33
169.455000	54.531389	LEDA 2472419 , 1022 Mly	0.63
169.455833	54.893333	LEDA 2483751 , 2043 Mly	0.57
169.463333	55.487778	LEDA 2503869 , 1974 Mly	0.60
169.471250	54.646667	LEDA 34515 , 352 Mly	0.65
169.476667	53.370556	LEDA 2439149 , 1499 Mly	0.45
169.486667	54.350833	LEDA 2467019 , 509 Mly	0.70
169.502917	53.441111	LEDA 34523 , 710 Mly	0.95
169.510417	55.551667	LEDA 2506142 , 2012 Mly	0.56
169.531667	53.683333	LEDA 2447908 , 1430 Mly	0.40
169.532083	55.705833	LEDA 2511533 , 852 Mly	0.39
169.535833	54.840833	LEDA 34528 , 100 Mly	0.49
169.540000	54.574444	LEDA 2473689 , 1023 Mly	0.55
169.542083	54.211389	LEDA 2462962 , 541 Mly	0.50
169.545833	53.590833	LEDA 2445350 , 1410 Mly	0.43
169.550417	54.196667	LEDA 2462539 , 1524 Mly	0.90
169.557500	53.436111	LEDA 2441024 , 389 Mly	0.55
169.559167	55.582222	LEDA 2507240 , 848 Mly	0.41
169.563333	54.561389	LEDA 2473300 , 1009 Mly	0.68
169.571250	53.750000	LEDA 34553 , 527 Mly	0.71
169.572083	54.155000	LEDA 2461383 , 1051 Mly	0.33
169.582917	55.482222	LEDA 2503672 , 1004 Mly	0.79
169.586667	53.752500	LEDA 34559 , 529 Mly	0.36
169.596667	54.742778	LEDA 2478891 , 845 Mly	0.48
169.600000	56.034722	LEDA 2523221 , 988 Mly	0.51
169.602083	54.020833	LEDA 2457464 , 511 Mly	0.59
169.608333	53.428889	LEDA 2440852 , 522 Mly	0.37
169.610417	54.465556	LEDA 2470472 , 597 Mly	1.14
169.610833	54.019167	LEDA 2457412 , 1511 Mly	0.34
169.612083	55.952778	LEDA 2520251 , 1616 Mly	0.33
169.615833	55.636111	LEDA 2509113 , 2012 Mly	0.47
169.623333	54.732222	LEDA 2478545 , 1029 Mly	0.39
169.630833	54.051944	LEDA 2458336 , 501 Mly	0.55
169.634167	53.814444	LEDA 34576 , 490 Mly	0.93
169.636667	54.114167	LEDA 2460161 , 1205 Mly	0.55
169.661250	53.559167	LEDA 2444429 , 1544 Mly	0.36
169.666250	55.178056	LEDA 34597 , 455 Mly	0.73
169.669583	53.875833	LEDA 2453394 , 534 Mly	0.69
169.676667	55.560833	LEDA 2506457 , 1363 Mly	0.52
169.677083	54.955278	LEDA 34596 , 822 Mly	0.98
169.685417	55.994167	LEDA 2521754 , 1633 Mly	0.47
169.692917	55.306667	LEDA 2497507 , 1516 Mly	0.33
169.696667	53.705556	LEDA 2448530 , 1431 Mly	0.33
169.701667	55.378056	LEDA 2499900 , 2037 Mly	0.44
169.708750	53.919722	LEDA 2454645 , 538 Mly	0.79
169.733333	55.510833	LEDA 2504737 , 730 Mly	0.48
169.745833	55.531944	LEDA 2505443 , 2025 Mly	0.33
169.762917	54.441111	LEDA 2469743 , 1031 Mly	0.91
169.764583	54.457778	LEDA 2470239 , 1040 Mly	0.59
169.769167	55.871667	LEDA 2517375 , 1037 Mly	0.55
169.784583	53.537778	LEDA 2443836 , 1547 Mly	0.54
169.785000	56.066667	LEDA 2524318 , 1000 Mly	0.33
169.785833	53.758889	LEDA 2449988 , 1474 Mly	0.39
169.797500	55.577222	LEDA 2507060 , 2013 Mly	0.45
169.801250	53.464167	LEDA 2441811 , 1436 Mly	0.47
169.804167	54.430000	LEDA 2469390 , 1512 Mly	0.36
169.831250	53.688611	LEDA 2448057 , 1478 Mly	0.51
169.838333	53.861389	LEDA 2452940 , 2135 Mly	0.33
169.849583	54.656944	LEDA 2476124 , 1544 Mly	0.35
169.850833	55.788056	LEDA 2514392 , 727 Mly	0.36
169.854167	53.682778	LEDA 2447899 , 1522 Mly	0.47
169.857917	55.259167	LEDA 2495963 , 1527 Mly	0.49
169.860417	54.370278	LEDA 2467604 , 1047 Mly	0.41
169.862500	53.585556	LEDA 2445195 , 2046 Mly	0.75
169.863750	53.610833	LEDA 2445898 , 1122 Mly	0.43
169.864167	53.359444	LEDA 2438827 , 1406 Mly	0.36
169.868333	55.016944	LEDA 2487788 , 1077 Mly	0.61
169.874167	54.352222	LEDA 2467050 , 1026 Mly	0.33
169.876250	53.626667	LEDA 2446358 , 1539 Mly	0.51
169.878750	54.460833	LEDA 34650 , 1013 Mly	0.71
169.881250	55.070556	LEDA 2489556 , 1066 Mly	0.33
169.882083	53.693611	LEDA 2448179 , 516 Mly	0.61
169.891667	53.588611	LEDA 165574 , 506 Mly	1.87
169.896250	55.061111	LEDA 2489248 , 1024 Mly	0.42
169.898750	53.529722	LEDA 2443618 , 1478 Mly	0.49
169.898750	54.588889	LEDA 2474113 , 1554 Mly	0.50
169.903333	54.733611	LEDA 2478593 , 1554 Mly	0.37
169.905833	56.276389	LEDA 2531540 , 1634 Mly	0.43
169.906667	54.149444	LEDA 2461213 , 491 Mly	1.03
169.908750	53.581111	LEDA 2445071 , 506 Mly	1.87
169.911250	56.247500	LEDA 2530542 , 748 Mly	0.48
169.915833	55.706389	LEDA 2511553 , 849 Mly	0.50
169.916667	54.049444	LEDA 2458263 , 500 Mly	0.64
169.922083	54.396667	LEDA 2468434 , 1024 Mly	0.49
169.926250	53.716111	LEDA 2448820 , 1439 Mly	0.56
169.927083	54.026389	LEDA 34667 , 509 Mly	1.05
169.933333	54.013056	LEDA 2457251 , 1553 Mly	0.55
169.935000	54.383889	LEDA 2468029 , 1035 Mly	0.57
169.938750	55.685000	LEDA 2510849 , 855 Mly	0.53
169.941250	54.592778	LEDA 2474209 , 1029 Mly	0.49
169.944167	54.311944	LEDA 2465840 , 1227 Mly	0.33
169.944583	54.398611	LEDA 2468484 , 1029 Mly	0.33
169.949583	53.531667	LEDA 2443666 , 1484 Mly	0.55
169.952083	55.721944	LEDA 34671 , 37 Mly	0.50
169.968750	54.462778	LEDA 34670 , 596 Mly	1.58
169.971667	53.651667	LEDA 2447030 , 1517 Mly	0.53
169.974167	54.813333	LEDA 2481155 , 1063 Mly	0.69
169.984583	55.322500	LEDA 2498043 , 1550 Mly	0.36
169.998750	54.664722	LEDA 2476373 , 1549 Mly	0.33
170.007500	55.918333	LEDA 2519045 , 739 Mly	0.83
170.012917	54.536944	LEDA 2472564 , 1025 Mly	0.53
170.017083	55.235556	LEDA 2495201 , 1559 Mly	0.59
170.018750	53.689167	LEDA 2448071 , 1569 Mly	0.33
170.022083	53.650278	LEDA 2446982 , 1537 Mly	0.42
170.026667	54.660833	LEDA 2476256 , 1039 Mly	0.57
170.041667	55.229167	LEDA 2495002 , 1521 Mly	0.56
170.045000	55.203889	LEDA 2494089 , 1489 Mly	0.36
170.062083	54.973333	LEDA 2486301 , 1052 Mly	0.33
170.070417	54.270000	LEDA 2464644 , 1045 Mly	0.66
170.088333	54.143889	LEDA 2461061 , 1510 Mly	0.87
170.092500	54.843889	LEDA 2482172 , 2047 Mly	0.33
170.112917	54.529722	LEDA 2472365 , 840 Mly	0.69
170.115833	54.431667	LEDA 2469444 , 1002 Mly	0.43
170.123750	55.841389	LEDA 2516219 , 998 Mly	0.47
170.126667	53.762778	LEDA 2450118 , 1492 Mly	0.49
170.137083	53.803056	LEDA 2451251 , 1456 Mly	0.41
170.195000	56.451944	LEDA 2537208 , 1232 Mly	0.63
170.199583	54.259444	LEDA 2464331 , 2044 Mly	0.60
170.230000	55.135278	LEDA 2491729 , 1994 Mly	0.37
170.231250	55.746667	LEDA 2513000 , 729 Mly	0.92
170.260417	54.461944	LEDA 2470362 , 1043 Mly	0.33
170.327083	55.201389	LEDA 2494002 , 3416 Mly	0.33
170.332083	55.170278	LEDA 2492924 , 1502 Mly	0.64
170.337917	55.423056	LEDA 2501545 , 2051 Mly	0.35
170.364167	54.959167	LEDA 2485842 , 476 Mly	0.33
170.365417	55.935000	LEDA 2519649 , 743 Mly	0.43
170.385000	56.108611	LEDA 2525835 , 689 Mly	0.67
170.387917	55.759167	LEDA 2513430 , 855 Mly	0.33
170.413333	54.781389	LEDA 2480108 , 1371 Mly	0.45
170.425417	54.901111	LEDA 2483992 , 1077 Mly	0.84
170.442917	55.079722	LEDA 2489852 , 1069 Mly	0.33
170.444167	55.754444	LEDA 34750 , 731 Mly	0.87
170.480000	56.424444	LEDA 2536359 , 1135 Mly	0.55
170.480417	54.939444	LEDA 2485213 , 1084 Mly	0.69
170.480417	55.011111	LEDA 2487604 , 1070 Mly	0.52
170.485000	55.191944	LEDA 2493689 , 2017 Mly	0.63
170.515000	55.742222	LEDA 34769 , 1005 Mly	0.67
170.529583	56.382500	LEDA 2534947 , 901 Mly	0.47
170.552083	54.963056	LEDA 2485962 , 1059 Mly	0.41
170.573333	55.309444	LEDA 2497601 , 1062 Mly	0.98
170.574167	55.644444	LEDA 2509412 , 1544 Mly	0.45
170.618333	56.026389	LEDA 2522873 , 991 Mly	0.59
170.653333	55.971389	LEDA 2520918 , 850 Mly	0.86
170.693750	55.677222	LEDA 2510566 , 2014 Mly	0.51
170.710000	55.962222	LEDA 2520575 , 824 Mly	0.62
170.745000	56.194722	LEDA 3086980 , 980 Mly	0.80
170.760000	56.027778	LEDA 2522934 , 817 Mly	1.35
170.773333	56.183889	LEDA 3086981 , 965 Mly	0.48
170.775833	56.004167	LEDA 2522101 , 832 Mly	0.75
170.775833	56.017500	LEDA 2522591 , 863 Mly	0.51
170.796667	56.202778	LEDA 2529043 , 972 Mly	0.69
170.810417	56.188611	LEDA 2528585 , 972 Mly	0.49
170.890417	55.989444	LEDA 2521586 , 1372 Mly	0.43
170.895000	56.093889	LEDA 2525290 , 772 Mly	0.64
170.910417	56.131944	LEDA 2526645 , 1061 Mly	0.39
170.970833	56.237500	LEDA 2530229 , 992 Mly	0.55
170.990417	56.175278	LEDA 2815960 , 771 Mly	0.39
171.092500	56.333056	LEDA 2533412 , 962 Mly	0.56
209.158333	53.237500	LEDA 2435433 , 1314 Mly	0.41
209.227917	53.282778	LEDA 2436708 , 1803 Mly	0.50
209.236250	53.866389	LEDA 49614 , 1011 Mly	0.69
209.271250	53.796389	LEDA 2451068 , 1013 Mly	0.36
209.310833	54.100833	LEDA 49636 , 23 Mly	2.20
209.319167	54.210000	LEDA 2816071 , 376 Mly	0.83
209.354167	54.202222	LEDA 2462689 , 374 Mly	0.93
209.361667	54.408056	LEDA 2468747 , 1440 Mly	0.69
209.422917	54.428333	LEDA 2469351 , 1088 Mly	0.55
209.423333	53.340833	LEDA 2438310 , 1089 Mly	0.43
209.478750	54.784444	LEDA 2480217 , 2340 Mly	0.45
209.547500	54.732500	LEDA 2478549 , 908 Mly	0.33
209.611667	54.888056	LEDA 2483578 , 1992 Mly	0.41
209.671667	54.085278	LEDA 2459353 , 1085 Mly	0.65
209.671667	55.323056	LEDA 2498061 , 1766 Mly	0.33
209.701250	55.589444	LEDA 2507497 , 1563 Mly	0.43
209.725833	55.561667	LEDA 2506504 , 598 Mly	0.74
209.732917	55.165833	LEDA 2492759 , 1779 Mly	0.55
209.741250	53.904444	LEDA 2454191 , 1088 Mly	0.45
209.760000	53.861111	LEDA 2452936 , 1601 Mly	0.41
209.773750	55.699722	LEDA 2511324 , 596 Mly	0.72
209.808750	55.150000	LEDA 2492223 , 1077 Mly	0.50
209.829583	55.132778	LEDA 2491652 , 427 Mly	0.56
209.862917	53.865000	LEDA 2453053 , 1184 Mly	0.58
209.877083	54.926667	LEDA 2484799 , 1550 Mly	0.33
209.882083	53.752778	LEDA 2449818 , 1595 Mly	0.49
209.903750	55.011944	LEDA 2487632 , 1766 Mly	0.61
209.914167	55.443333	LEDA 2502281 , 990 Mly	0.40
209.949167	55.300833	LEDA 2497308 , 2183 Mly	0.35
209.964583	55.656667	LEDA 2509846 , 594 Mly	0.47
209.967917	55.465278	LEDA 2503108 , 604 Mly	0.88
209.972917	54.788889	LEDA 49822 , 108 Mly	0.88
209.986667	54.538333	LEDA 2472607 , 1459 Mly	0.33
210.008750	54.779444	LEDA 2480053 , 1753 Mly	0.49
210.065000	55.116389	LEDA 2491120 , 1280 Mly	0.50
210.077083	54.480556	LEDA 2470911 , 1449 Mly	0.45
210.078333	54.771389	LEDA 2479781 , 2003 Mly	0.34
210.135000	55.246111	LEDA 2816073 , 189 Mly	0.44
210.142500	55.254444	LEDA 2800846 , 191 Mly	0.70
210.174583	55.164722	LEDA 49874 , 94 Mly	6.60
210.179583	55.322500	LEDA 2498044 , 991 Mly	0.99
210.223333	55.289722	LEDA 2496936 , 993 Mly	0.53
210.257917	54.932222	LEDA 2484987 , 90 Mly	0.67
210.316667	54.418889	LEDA 49919 , 96 Mly	1.20
210.362917	53.171111	LEDA 2433606 , 1207 Mly	0.39
210.375000	55.520278	LEDA 2505057 , 2204 Mly	0.41
210.507917	55.216944	LEDA 2494552 , 993 Mly	0.59
210.547917	54.933056	LEDA 2485011 , 1585 Mly	0.33
210.586667	55.309722	LEDA 2497608 , 607 Mly	0.36
210.631250	55.610000	LEDA 2508194 , 2279 Mly	0.33
210.657917	55.023889	LEDA 2488024 , 2352 Mly	0.33
210.665417	55.150833	LEDA 2492263 , 982 Mly	0.57
210.717500	55.133056	LEDA 2491663 , 993 Mly	0.84
210.738750	55.318333	LEDA 2497907 , 596 Mly	0.65
210.765417	55.080833	LEDA 2489892 , 969 Mly	0.45
210.801667	54.348056	LEDA 50063 , 17 Mly	56.00
210.852500	55.160000	LEDA 2492567 , 992 Mly	0.33
210.859167	55.487778	LEDA 2503863 , 1143 Mly	0.52
210.880417	55.399444	LEDA 2500638 , 2013 Mly	0.36
210.939583	55.614444	LEDA 2508334 , 596 Mly	0.35
210.944167	55.532222	LEDA 2505453 , 2068 Mly	0.35
210.986250	55.600556	LEDA 2507887 , 599 Mly	0.46
211.076667	54.945278	LEDA 2485420 , 986 Mly	0.63
211.100833	54.935278	LEDA 214207 , 986 Mly	0.64
211.120417	54.396667	LEDA 165629 , 20 Mly	0.49
211.154583	54.793611	LEDA 2480519 , 1165 Mly	0.49
211.178750	55.435278	LEDA 99782 , 79 Mly	0.56
211.180833	54.893611	LEDA 50191 , 103 Mly	4.40
211.230417	54.441389	LEDA 2469762 , 1187 Mly	0.40
211.231667	54.403056	LEDA 2468609 , 1164 Mly	0.90
211.240833	53.691111	LEDA 2448110 , 18 Mly	0.51
211.256667	53.662222	LEDA 50216 , 19 Mly	13.00
211.299167	55.351944	LEDA 2499013 , 1284 Mly	0.37
211.299167	53.115278	LEDA 2432176 , 593 Mly	0.61
211.315000	54.416111	LEDA 2816075 , 1207 Mly	0.42
211.341667	54.270000	LEDA 2464645 , 101 Mly	0.61
211.372500	55.094167	LEDA 2490330 , 1270 Mly	0.65
211.387917	54.461111	LEDA 50262 , 21 Mly	3.80
211.426250	55.020278	LEDA 2487904 , 2766 Mly	0.50
211.437083	53.994722	LEDA 2456753 , 1509 Mly	0.37
211.467917	53.128889	LEDA 50284 , 597 Mly	0.33
211.477083	53.243333	LEDA 2435590 , 597 Mly	0.56
211.497083	55.011944	LEDA 2487633 , 102 Mly	1.02
211.502500	55.225278	LEDA 2494871 , 605 Mly	0.39
211.536250	53.233056	LEDA 2435292 , 1164 Mly	0.54
211.537083	55.224167	LEDA 2494825 , 98 Mly	0.85
211.546667	55.327500	LEDA 2498195 , 1301 Mly	0.45
211.608750	54.964167	LEDA 2485992 , 1133 Mly	0.33
211.700417	55.029722	LEDA 50338 , 103 Mly	0.85
211.707083	55.538889	LEDA 2505695 , 1563 Mly	0.39
211.729167	55.067222	LEDA 2489445 , 3619 Mly	0.35
211.756667	55.519722	LEDA 2505033 , 928 Mly	0.61
211.766250	55.260556	LEDA 2496014 , 2012 Mly	0.39
211.772083	54.405278	LEDA 2468675 , 1228 Mly	0.33
211.780833	52.963889	LEDA 2428287 , 631 Mly	0.49
211.797083	55.001667	LEDA 50369 , 97 Mly	5.40
211.819583	54.800556	LEDA 2480744 , 89 Mly	0.39
211.830000	53.932778	LEDA 2455022 , 1676 Mly	0.40
211.839167	55.491389	LEDA 2504009 , 604 Mly	1.17
211.842500	54.506667	LEDA 2471644 , 979 Mly	0.59
211.843750	54.002500	LEDA 2456975 , 1681 Mly	0.34
211.850417	54.003889	LEDA 2457015 , 1681 Mly	0.45
211.854167	55.103056	LEDA 50383 , 71 Mly	3.00
211.857083	54.009167	LEDA 2457151 , 1671 Mly	0.43
211.872083	54.979444	LEDA 2486514 , 1119 Mly	0.56
211.888750	53.732778	LEDA 2449271 , 1205 Mly	0.39
211.892500	55.111389	LEDA 2490942 , 1916 Mly	0.47
211.912917	54.794444	LEDA 50395 , 117 Mly	1.21
211.914583	55.233056	LEDA 2495124 , 1108 Mly	0.33
211.920417	55.460556	LEDA 2502926 , 1101 Mly	0.33
211.942083	55.491111	LEDA 2503998 , 1086 Mly	0.39
211.948333	53.370278	LEDA 2439146 , 1206 Mly	0.65
211.977500	55.503611	LEDA 2504467 , 601 Mly	0.79
211.980833	53.846944	LEDA 2452513 , 597 Mly	0.63
211.995833	53.800000	LEDA 2816079 , 2494 Mly	0.33
212.003333	55.258056	LEDA 2495934 , 1743 Mly	0.51
212.005000	54.557222	LEDA 2473181 , 1467 Mly	0.41
212.022500	55.415556	LEDA 2501263 , 1100 Mly	0.34
212.057083	53.883056	LEDA 50438 , 605 Mly	0.97
212.061250	53.837500	LEDA 2452243 , 1127 Mly	0.40
212.089583	55.301389	LEDA 50443 , 612 Mly	2.40
212.091667	54.818611	LEDA 2481341 , 593 Mly	0.68
212.102917	55.336667	LEDA 2498513 , 1744 Mly	0.35
212.111250	54.908889	LEDA 50546 , 630 Mly	0.69
212.115833	54.656111	LEDA 2476094 , 1103 Mly	0.43
212.130833	54.032222	LEDA 2457777 , 595 Mly	0.90
212.160000	55.341111	LEDA 2498643 , 1270 Mly	0.73
212.163750	55.466111	LEDA 2503127 , 1069 Mly	0.33
212.177917	53.998333	LEDA 2456843 , 1529 Mly	0.41
212.184167	54.577222	LEDA 2473777 , 1115 Mly	0.54
212.225000	55.440556	LEDA 3087046 , 1055 Mly	0.65
212.226250	54.789167	LEDA 2480371 , 622 Mly	1.08
212.231667	54.718056	LEDA 2478101 , 590 Mly	0.55
212.243333	55.495278	LEDA 2504156 , 1113 Mly	0.35
212.248750	55.229722	LEDA 2495021 , 615 Mly	0.50
212.252500	55.420278	LEDA 2501446 , 96 Mly	0.77
212.257083	54.911667	LEDA 2484319 , 1279 Mly	0.33
212.258750	54.556111	LEDA 2473142 , 1098 Mly	0.75
212.267917	54.872222	LEDA 2483087 , 606 Mly	0.57
212.271667	55.291389	LEDA 2496982 , 1047 Mly	0.50
212.300417	54.333333	LEDA 2466500 , 1423 Mly	0.48
212.332083	55.282222	LEDA 50507 , 608 Mly	2.00
212.338333	54.491944	LEDA 2471228 , 1024 Mly	0.90
212.382083	55.264444	LEDA 214217 , 614 Mly	0.52
212.387917	55.258889	LEDA 2495954 , 620 Mly	0.33
212.421250	54.900833	LEDA 2483979 , 609 Mly	0.61
212.425000	55.460556	LEDA 2502920 , 1086 Mly	0.59
212.457083	55.016111	LEDA 2487761 , 618 Mly	0.65
212.470417	54.926389	LEDA 50460 , 630 Mly	0.69
212.486250	54.946944	LEDA 2816082 , 1120 Mly	0.30
